<TICKER>;<PER>;<DATE>;<TIME>;<OPEN>;<HIGH>;<LOW>;<CLOSE>;<VOL>;<OPENINT>
R-Vision 2;60;20251101;100000;115.66;115.67;115.18;115.67;24;0
R-Vision 2;60;20251101;110000;115.31;115.58;114.37;115.03;46;0
R-Vision 2;60;20251101;120000;115.56;115.88;115.55;115.88;149;0
R-Vision 2;60;20251101;130000;115.88;117;115.71;116.89;241;0
R-Vision 2;60;20251101;140000;116.88;116.9;116.86;116.86;19;0
R-Vision 2;60;20251101;150000;116.86;116.9;116.36;116.9;157;0
R-Vision 2;60;20251101;160000;116.9;116.9;116.89;116.89;42;0
R-Vision 2;60;20251101;170000;116.89;116.9;116.89;116.9;177;0
R-Vision 2;60;20251101;180000;116.9;116.9;116;116;354;0
R-Vision 2;60;20251101;190000;116.01;116.01;116.01;116.01;1;0
R-Vision 2;60;20251101;200000;116.88;116.89;116.88;116.89;3;0
R-Vision 2;60;20251101;210000;116.89;116.9;115.68;116.9;150;0
R-Vision 2;60;20251101;220000;115.71;116.89;115.71;116.89;2;0
R-Vision 2;60;20251101;230000;115.88;115.88;115.88;115.88;2;0
R-Vision 2;60;20251103;100000;115.3;116.89;115.3;115.59;22;0
R-Vision 2;60;20251103;110000;116.7;116.9;116.7;116.9;23;0
R-Vision 2;60;20251103;120000;116.89;116.9;116.89;116.9;70;0
R-Vision 2;60;20251103;130000;116.9;116.9;116.71;116.9;107;0
R-Vision 2;60;20251103;140000;116.9;116.9;116.9;116.9;60;0
R-Vision 2;60;20251103;150000;116.9;116.9;116.9;116.9;5;0
R-Vision 2;60;20251103;160000;116.9;116.9;116.72;116.89;112;0
R-Vision 2;60;20251103;170000;116.72;116.89;116.7;116.89;345;0
R-Vision 2;60;20251103;180000;116.7;116.7;115.94;115.94;48;0
R-Vision 2;60;20251103;190000;116.81;116.82;115.69;116.81;21;0
R-Vision 2;60;20251103;200000;116.79;116.79;116.79;116.79;1;0
R-Vision 2;60;20251103;210000;116.19;116.76;116.19;116.76;2;0
R-Vision 2;60;20251103;230000;116.75;116.75;116.75;116.75;2;0
R-Vision 2;60;20251105;100000;116.75;116.75;114.21;115.06;710;0
R-Vision 2;60;20251105;110000;115.61;116.85;115.61;116.85;335;0
R-Vision 2;60;20251105;120000;116.85;116.85;116.85;116.85;16;0
R-Vision 2;60;20251105;130000;116.85;116.85;115.6;116.84;312;0
R-Vision 2;60;20251105;140000;116.84;116.85;116.84;116.85;48;0
R-Vision 2;60;20251105;150000;116.85;116.85;116.84;116.84;162;0
R-Vision 2;60;20251105;160000;116.84;116.85;115.69;116.46;174;0
R-Vision 2;60;20251105;170000;116.5;116.8;116.5;116.8;6;0
R-Vision 2;60;20251105;180000;116.7;116.7;115.83;116.69;10;0
R-Vision 2;60;20251105;190000;116.69;116.7;116.11;116.67;10;0
R-Vision 2;60;20251105;200000;116.13;116.66;116.13;116.66;6;0
R-Vision 2;60;20251105;210000;116.67;116.67;116.67;116.67;14;0
R-Vision 2;60;20251105;220000;116.66;116.66;116.66;116.66;16;0
R-Vision 2;60;20251105;230000;116.66;116.66;116.66;116.66;19;0
R-Vision 2;60;20251106;100000;116.8;116.8;116.66;116.8;8;0
R-Vision 2;60;20251106;110000;116.8;116.8;116.78;116.79;169;0
R-Vision 2;60;20251106;120000;116.79;116.79;116;116.76;104;0
R-Vision 2;60;20251106;130000;116.76;116.88;116.38;116.88;475;0
R-Vision 2;60;20251106;140000;116.87;116.87;116.8;116.87;223;0
R-Vision 2;60;20251106;150000;116.87;116.88;116.85;116.85;261;0
R-Vision 2;60;20251106;160000;116.83;116.84;116.15;116.35;150;0
R-Vision 2;60;20251106;170000;116.33;116.36;116.33;116.35;82;0
R-Vision 2;60;20251106;180000;116.66;116.66;116.66;116.66;1;0
R-Vision 2;60;20251106;190000;116.63;116.63;116.21;116.63;16;0
R-Vision 2;60;20251106;200000;116.63;116.63;116.63;116.63;8;0
R-Vision 2;60;20251106;210000;116.63;116.64;116.06;116.64;75;0
R-Vision 2;60;20251106;220000;116.64;116.64;116.64;116.64;2;0
R-Vision 2;60;20251106;230000;116.06;116.63;116.06;116.63;14;0
R-Vision 2;60;20251107;090000;116.86;116.86;116.86;116.86;2;0
R-Vision 2;60;20251107;100000;116.88;116.88;115.87;116.76;270;0
R-Vision 2;60;20251107;110000;116.18;116.69;116.18;116.67;14;0
R-Vision 2;60;20251107;120000;116.67;116.7;116.67;116.67;13;0
R-Vision 2;60;20251107;130000;116.61;116.62;116.59;116.6;4;0
R-Vision 2;60;20251107;140000;116.6;116.64;116.33;116.64;19;0
R-Vision 2;60;20251107;150000;116.29;116.67;116.29;116.67;2;0
R-Vision 2;60;20251107;160000;116.33;116.84;116.33;116.83;342;0
R-Vision 2;60;20251107;170000;116.83;116.84;116.42;116.5;46;0
R-Vision 2;60;20251107;180000;116.83;116.9;116.83;116.9;230;0
R-Vision 2;60;20251107;190000;116.9;117;116.9;116.9;83;0
R-Vision 2;60;20251107;200000;117;117;117;117;7;0
R-Vision 2;60;20251107;210000;117;117;117;117;1;0
R-Vision 2;60;20251107;220000;116.9;117;116.33;116.99;17;0
R-Vision 2;60;20251107;230000;116.99;117;116.34;116.34;105;0
R-Vision 2;60;20251110;100000;116.99;117;114.34;116.62;789;0
R-Vision 2;60;20251110;110000;115.51;116.34;114.59;115.93;528;0
R-Vision 2;60;20251110;120000;115.89;116;115.38;115.38;234;0
R-Vision 2;60;20251110;130000;115.41;115.99;115.41;115.96;74;0
R-Vision 2;60;20251110;140000;115.62;115.94;115.41;115.86;153;0
R-Vision 2;60;20251110;150000;115.75;115.88;115.7;115.87;71;0
R-Vision 2;60;20251110;160000;115.87;115.9;115.87;115.9;282;0
R-Vision 2;60;20251110;170000;115.9;116.53;115.9;116.47;61;0
R-Vision 2;60;20251110;180000;116.46;116.76;115.91;116.66;85;0
R-Vision 2;60;20251110;190000;116.66;116.71;115.48;115.48;102;0
R-Vision 2;60;20251110;200000;116.53;116.63;116.53;116.63;6;0
R-Vision 2;60;20251110;210000;116.56;116.56;116.56;116.56;24;0
R-Vision 2;60;20251110;220000;116.54;116.54;116.54;116.54;2;0
R-Vision 2;60;20251110;230000;116.54;116.54;115.96;115.96;12;0
R-Vision 2;60;20251111;100000;115.96;115.96;115.01;115.8;232;0
R-Vision 2;60;20251111;110000;115.95;116.27;115.72;115.72;50;0
R-Vision 2;60;20251111;120000;116.15;116.2;115.84;115.84;71;0
R-Vision 2;60;20251111;130000;115.8;116.21;115.24;115.24;20;0
R-Vision 2;60;20251111;140000;116.17;116.17;116.17;116.17;2;0
R-Vision 2;60;20251111;150000;116.21;116.22;116.21;116.22;9;0
R-Vision 2;60;20251111;160000;116.1;116.17;116.1;116.17;4;0
R-Vision 2;60;20251111;170000;116.22;116.23;116.22;116.23;17;0
R-Vision 2;60;20251111;180000;116.2;116.2;115.01;116.02;279;0
R-Vision 2;60;20251111;190000;115.83;115.83;115.67;115.68;7;0
R-Vision 2;60;20251111;200000;115.26;115.28;115.03;115.28;12;0
R-Vision 2;60;20251111;210000;115.28;115.28;115.28;115.28;5;0
R-Vision 2;60;20251111;220000;115.62;115.68;115.62;115.67;57;0
R-Vision 2;60;20251111;230000;115.66;115.75;115.66;115.75;198;0
R-Vision 2;60;20251112;090000;115.75;115.75;115.75;115.75;5;0
R-Vision 2;60;20251112;100000;115.75;115.75;115;115.6;112;0
R-Vision 2;60;20251112;110000;115.6;115.74;115.6;115.74;87;0
R-Vision 2;60;20251112;120000;115.74;115.75;115.73;115.75;74;0
R-Vision 2;60;20251112;130000;115.75;115.75;115.49;115.74;175;0
R-Vision 2;60;20251112;140000;115.51;115.75;115.5;115.75;74;0
R-Vision 2;60;20251112;150000;115.75;115.75;115.45;115.45;262;0
R-Vision 2;60;20251112;170000;115.66;115.66;115.66;115.66;1;0
R-Vision 2;60;20251112;180000;115.66;115.66;115.49;115.51;60;0
R-Vision 2;60;20251112;190000;115.71;115.71;115.71;115.71;1;0
R-Vision 2;60;20251112;200000;115.74;115.74;115.74;115.74;2;0
R-Vision 2;60;20251112;210000;115.74;115.74;115.74;115.74;11;0
R-Vision 2;60;20251112;220000;115.71;115.71;115.71;115.71;4;0
R-Vision 2;60;20251112;230000;115.71;115.75;115.7;115.75;34;0
R-Vision 2;60;20251113;090000;115.74;115.74;115.74;115.74;2;0
R-Vision 2;60;20251113;100000;115.74;115.84;115.74;115.8;95;0
R-Vision 2;60;20251113;110000;115.8;116.52;115.8;116.5;261;0
R-Vision 2;60;20251113;120000;116.17;116.17;115.86;115.86;32;0
R-Vision 2;60;20251113;130000;115.87;116.58;115.87;116.58;252;0
R-Vision 2;60;20251113;140000;116.57;117.5;116.17;117.24;447;0
R-Vision 2;60;20251113;150000;117.15;117.32;116.3;116.37;22;0
R-Vision 2;60;20251113;160000;116.64;117.02;116.64;117.02;32;0
R-Vision 2;60;20251113;170000;116.89;117;116.89;117;83;0
R-Vision 2;60;20251113;180000;117;117;117;117;26;0
R-Vision 2;60;20251113;200000;116.89;116.89;116.88;116.89;18;0
R-Vision 2;60;20251113;210000;116.88;116.89;116.24;116.34;53;0
R-Vision 2;60;20251113;220000;116.86;116.86;116.86;116.86;10;0
R-Vision 2;60;20251114;100000;117;117.29;115.92;116.06;222;0
R-Vision 2;60;20251114;110000;116.25;116.48;116.25;116.45;20;0
R-Vision 2;60;20251114;120000;116.47;116.66;115.92;116.49;114;0
R-Vision 2;60;20251114;130000;116.09;116.56;116.09;116.5;26;0
R-Vision 2;60;20251114;140000;116.5;116.51;116.4;116.51;24;0
R-Vision 2;60;20251114;150000;116.5;116.68;116.5;116.68;10;0
R-Vision 2;60;20251114;160000;116.52;116.62;116.52;116.62;10;0
R-Vision 2;60;20251114;170000;116.52;116.69;116.52;116.69;48;0
R-Vision 2;60;20251114;180000;116.69;116.69;116.45;116.45;10;0
R-Vision 2;60;20251114;190000;116.67;116.67;116.67;116.67;1;0
R-Vision 2;60;20251114;200000;116.6;116.6;116.6;116.6;5;0
R-Vision 2;60;20251114;210000;116.46;116.66;116.42;116.66;8;0
R-Vision 2;60;20251114;230000;116.66;116.66;116.66;116.66;1;0
R-Vision 2;60;20251117;090000;115.7;115.7;115.7;115.7;251;0
R-Vision 2;60;20251117;100000;116;116;115;115.01;1246;0
R-Vision 2;60;20251117;110000;115.04;115.04;114.3;114.67;651;0
R-Vision 2;60;20251117;120000;114.57;114.83;114.55;114.79;654;0
R-Vision 2;60;20251117;130000;114.56;114.78;114.56;114.73;320;0
R-Vision 2;60;20251117;140000;114.61;114.72;114.57;114.71;244;0
R-Vision 2;60;20251117;150000;114.6;114.7;114.35;114.35;925;0
R-Vision 2;60;20251117;160000;114.58;114.59;114.01;114.59;748;0
R-Vision 2;60;20251117;170000;114.58;114.59;114.54;114.59;315;0
R-Vision 2;60;20251117;180000;114.58;114.68;114.54;114.54;185;0
R-Vision 2;60;20251117;190000;114.54;114.68;114.54;114.67;178;0
R-Vision 2;60;20251117;200000;114.7;114.75;114.54;114.55;211;0
R-Vision 2;60;20251117;210000;114.55;114.77;114.55;114.77;23;0
R-Vision 2;60;20251117;220000;114.77;114.77;114.77;114.77;8;0
R-Vision 2;60;20251118;090000;114.77;114.77;114.77;114.77;1;0
R-Vision 2;60;20251118;100000;115;115.5;113.8;114.56;457;0
R-Vision 2;60;20251118;110000;114.5;115.22;114.48;115.02;383;0
R-Vision 2;60;20251118;120000;115.04;115.2;115;115.2;304;0
R-Vision 2;60;20251118;130000;115.21;115.35;115.2;115.35;419;0
R-Vision 2;60;20251118;140000;115.35;115.35;115.2;115.22;15;0
R-Vision 2;60;20251118;150000;115.24;115.24;115.22;115.22;6;0
R-Vision 2;60;20251118;160000;115.35;115.75;115.3;115.75;148;0
R-Vision 2;60;20251118;170000;115.75;116.19;115.72;115.72;799;0
R-Vision 2;60;20251118;180000;115.84;115.98;115;115.87;699;0
R-Vision 2;60;20251118;190000;115.9;115.9;115.9;115.9;2;0
R-Vision 2;60;20251118;200000;115.88;116.47;115.87;116.03;183;0
R-Vision 2;60;20251118;210000;116.12;116.47;115.69;115.69;48;0
R-Vision 2;60;20251118;220000;116.05;116.05;116.05;116.05;1;0
R-Vision 2;60;20251118;230000;115.7;116.12;115.7;115.77;4;0
R-Vision 2;60;20251119;100000;116.35;116.35;115.15;115.35;901;0
R-Vision 2;60;20251119;110000;115.36;115.53;115.01;115.01;236;0
R-Vision 2;60;20251119;120000;115.28;116;115.28;115.6;436;0
R-Vision 2;60;20251119;130000;115.53;115.53;115.5;115.5;356;0
R-Vision 2;60;20251119;140000;115.51;115.6;115.51;115.6;32;0
R-Vision 2;60;20251119;150000;115.6;115.88;115.6;115.88;12;0
R-Vision 2;60;20251119;160000;115.56;115.83;115.5;115.79;258;0
R-Vision 2;60;20251119;170000;115.76;115.78;115.5;115.52;429;0
R-Vision 2;60;20251119;180000;115.51;115.52;115.51;115.52;60;0
R-Vision 2;60;20251119;190000;115.51;115.51;115.5;115.51;36;0
R-Vision 2;60;20251119;200000;115.4;115.52;115.4;115.51;68;0
R-Vision 2;60;20251119;210000;115.52;115.53;115.52;115.53;94;0
R-Vision 2;60;20251119;220000;115.53;115.53;115.51;115.51;7;0
R-Vision 2;60;20251119;230000;115.53;115.53;115.53;115.53;4;0
R-Vision 2;60;20251120;100000;115.53;116.47;115.53;116.47;88;0
R-Vision 2;60;20251120;110000;116.2;116.46;115.8;115.8;96;0
R-Vision 2;60;20251120;120000;115.83;116.26;115.55;116.06;74;0
R-Vision 2;60;20251120;130000;116.07;116.07;115.35;115.35;379;0
R-Vision 2;60;20251120;140000;115.32;115.35;115.32;115.35;49;0
R-Vision 2;60;20251120;150000;115.32;115.35;115.2;115.2;94;0
R-Vision 2;60;20251120;160000;115.2;115.35;115.2;115.35;20;0
R-Vision 2;60;20251120;170000;115.34;115.34;115;115.27;259;0
R-Vision 2;60;20251120;180000;115.26;115.32;115.25;115.32;10;0
R-Vision 2;60;20251120;190000;115.31;115.32;115.2;115.31;63;0
R-Vision 2;60;20251120;200000;115.32;115.32;115.32;115.32;15;0
R-Vision 2;60;20251120;210000;115.32;115.32;115.31;115.31;32;0
R-Vision 2;60;20251120;220000;115.32;115.32;115.32;115.32;2;0
R-Vision 2;60;20251120;230000;115.31;115.32;115.31;115.32;16;0
R-Vision 2;60;20251121;100000;115.35;115.35;115.21;115.35;243;0
R-Vision 2;60;20251121;110000;115.35;115.35;115.33;115.33;34;0
R-Vision 2;60;20251121;120000;115.32;115.33;114.7;115.33;117;0
R-Vision 2;60;20251121;130000;115.08;115.33;115.05;115.05;464;0
R-Vision 2;60;20251121;140000;115.05;115.05;115;115.02;140;0
R-Vision 2;60;20251121;150000;115.02;116.16;115.02;115.79;247;0
R-Vision 2;60;20251121;160000;115.79;115.79;115.79;115.79;1;0
R-Vision 2;60;20251121;170000;115.79;115.79;115.43;115.43;16;0
R-Vision 2;60;20251121;180000;115.44;115.44;114.82;115.43;69;0
R-Vision 2;60;20251121;190000;115.33;115.43;114.86;114.86;30;0
R-Vision 2;60;20251121;200000;115.43;115.43;114.68;114.68;56;0
R-Vision 2;60;20251121;210000;114.92;115.41;114.9;115.41;6;0
R-Vision 2;60;20251121;220000;114.93;115.23;114.79;115.21;48;0
R-Vision 2;60;20251121;230000;115.4;115.4;115.4;115.4;9;0
R-Vision 2;60;20251124;090000;115.37;115.37;115.37;115.37;5;0
R-Vision 2;60;20251124;100000;115.36;115.37;113.53;113.94;1146;0
R-Vision 2;60;20251124;110000;113.52;114;112.76;113;1614;0
R-Vision 2;60;20251124;120000;112.91;113.5;112.85;113.37;418;0
R-Vision 2;60;20251124;130000;113.36;114;113.32;113.77;812;0
R-Vision 2;60;20251124;140000;113.77;113.78;113.38;113.78;161;0
R-Vision 2;60;20251124;150000;113.78;114.26;113.78;114.23;275;0
R-Vision 2;60;20251124;160000;113.98;114.3;113.58;113.58;310;0
R-Vision 2;60;20251124;170000;114.14;114.14;113.69;113.74;78;0
R-Vision 2;60;20251124;180000;113.85;113.85;113.7;113.85;139;0
R-Vision 2;60;20251124;190000;113.85;113.85;113.68;113.85;60;0
R-Vision 2;60;20251124;200000;113.85;114.17;113.52;114.16;427;0
R-Vision 2;60;20251124;210000;114.14;114.14;114.11;114.11;14;0
R-Vision 2;60;20251124;220000;113.83;113.83;113.83;113.83;1;0
R-Vision 2;60;20251124;230000;114.05;114.05;114.05;114.05;7;0
R-Vision 2;60;20251125;100000;114.68;114.68;113.41;114.04;32;0
R-Vision 2;60;20251125;110000;114.2;114.21;113.93;114.21;104;0
R-Vision 2;60;20251125;120000;114.24;114.24;113.9;113.9;618;0
R-Vision 2;60;20251125;130000;113.91;114.23;113.9;114.12;139;0
R-Vision 2;60;20251125;140000;114.22;114.46;114.16;114.46;244;0
R-Vision 2;60;20251125;150000;114.67;114.67;114.35;114.36;131;0
R-Vision 2;60;20251125;160000;114.38;114.47;114.35;114.47;38;0
R-Vision 2;60;20251125;170000;114.45;114.51;114.37;114.37;41;0
R-Vision 2;60;20251125;180000;114.37;114.38;114.35;114.38;56;0
R-Vision 2;60;20251125;190000;114.37;114.44;114.37;114.44;43;0
R-Vision 2;60;20251125;200000;114.38;114.38;114.2;114.2;175;0
R-Vision 2;60;20251125;210000;114.16;114.16;114.16;114.16;43;0
R-Vision 2;60;20251125;220000;114.16;114.16;114.16;114.16;1;0
R-Vision 2;60;20251126;100000;114.6;114.6;113.6;114;49;0
R-Vision 2;60;20251126;110000;114.12;114.15;113.64;113.64;88;0
R-Vision 2;60;20251126;120000;113.64;113.72;113.64;113.72;5;0
R-Vision 2;60;20251126;130000;114.09;114.09;114.09;114.09;23;0
R-Vision 2;60;20251126;140000;114.09;114.09;113.83;113.83;48;0
R-Vision 2;60;20251126;150000;113.93;114.07;113.93;114.07;15;0
R-Vision 2;60;20251126;160000;114.09;114.09;113.8;114.02;140;0
R-Vision 2;60;20251126;170000;113.97;113.98;113.8;113.97;143;0
R-Vision 2;60;20251126;180000;113.96;114.02;113.96;113.96;52;0
R-Vision 2;60;20251126;190000;113.96;114.07;113.96;114.07;56;0
R-Vision 2;60;20251126;200000;114.07;114.07;114.03;114.03;23;0
R-Vision 2;60;20251126;210000;114.03;114.09;114.03;114.09;114;0
R-Vision 2;60;20251126;220000;114.09;114.09;113.97;113.97;19;0
R-Vision 2;60;20251126;230000;114.09;114.09;114.09;114.09;5;0
R-Vision 2;60;20251127;100000;114.14;114.34;113.78;114.18;513;0
R-Vision 2;60;20251127;110000;114.15;114.67;114.05;114.36;855;0
R-Vision 2;60;20251127;120000;114.2;114.34;114.2;114.2;89;0
R-Vision 2;60;20251127;130000;114.34;114.59;114.2;114.59;113;0
R-Vision 2;60;20251127;140000;114.28;114.51;114.25;114.25;24;0
R-Vision 2;60;20251127;150000;114.25;114.25;113.9;114.23;316;0
R-Vision 2;60;20251127;160000;114.1;114.25;114.1;114.25;191;0
R-Vision 2;60;20251127;170000;114.25;114.25;114.2;114.2;81;0
R-Vision 2;60;20251127;180000;114.2;114.25;114.2;114.25;38;0
R-Vision 2;60;20251127;190000;114.24;114.24;113.95;113.95;16;0
R-Vision 2;60;20251127;200000;114.22;114.22;114.22;114.22;5;0
R-Vision 2;60;20251127;210000;113.97;114;113.97;114;11;0
R-Vision 2;60;20251127;220000;114.23;114.25;114.23;114.25;37;0
R-Vision 2;60;20251127;230000;114.25;114.25;114.25;114.25;3;0
R-Vision 2;60;20251128;100000;114.59;114.59;114.16;114.46;32;0
R-Vision 2;60;20251128;110000;114.44;114.45;113.95;114.23;52;0
R-Vision 2;60;20251128;120000;114.26;114.39;114.26;114.35;39;0
R-Vision 2;60;20251128;130000;114.36;114.38;114.35;114.38;104;0
R-Vision 2;60;20251128;140000;114.37;114.38;114.37;114.38;66;0
R-Vision 2;60;20251128;150000;114.38;114.44;114.31;114.44;117;0
R-Vision 2;60;20251128;160000;114.32;114.44;114.32;114.35;24;0
R-Vision 2;60;20251128;170000;114.35;114.56;114.34;114.56;120;0
R-Vision 2;60;20251128;180000;114.56;114.58;114.39;114.58;8;0
R-Vision 2;60;20251128;190000;114.41;114.61;114.4;114.61;48;0
R-Vision 2;60;20251128;200000;114.49;114.64;114.49;114.64;35;0
R-Vision 2;60;20251128;210000;114.64;114.64;114.64;114.64;23;0
R-Vision 2;60;20251128;220000;114.64;114.64;114.62;114.64;66;0
R-Vision 2;60;20251128;230000;114.5;114.5;114.39;114.39;200;0
R-Vision 2;60;20251201;090000;114.39;114.39;114.39;114.39;14;0
R-Vision 2;60;20251201;100000;114.38;114.38;113.49;113.5;542;0
R-Vision 2;60;20251201;110000;113.9;114.31;113.9;114.29;150;0
R-Vision 2;60;20251201;120000;114.26;114.3;114.08;114.3;83;0
R-Vision 2;60;20251201;130000;114.3;115.3;114.12;114.43;724;0
R-Vision 2;60;20251201;140000;114.41;114.49;113.97;114.24;125;0
R-Vision 2;60;20251201;150000;114.21;114.66;114.2;114.51;148;0
R-Vision 2;60;20251201;160000;114.48;115.12;114.1;115.05;468;0
R-Vision 2;60;20251201;170000;115.05;115.45;114.7;114.89;212;0
R-Vision 2;60;20251201;180000;115.39;115.39;114.05;114.2;778;0
R-Vision 2;60;20251201;190000;114.58;114.6;114.2;114.2;118;0
R-Vision 2;60;20251201;200000;114.53;114.57;114.21;114.56;45;0
R-Vision 2;60;20251201;210000;114.28;114.82;114.21;114.81;392;0
R-Vision 2;60;20251201;220000;114.74;115.12;114.63;115.12;70;0
R-Vision 2;60;20251201;230000;115.12;115.12;115.12;115.12;3;0
R-Vision 2;60;20251202;090000;114.93;114.93;114.93;114.93;14;0
R-Vision 2;60;20251202;100000;114.93;114.96;114.43;114.93;358;0
R-Vision 2;60;20251202;110000;114.94;117.5;114.93;117.5;1412;0
R-Vision 2;60;20251202;120000;117.39;117.39;115.5;115.5;152;0
R-Vision 2;60;20251202;130000;115.49;115.6;115.49;115.59;30;0
R-Vision 2;60;20251202;140000;115.59;115.69;115.59;115.64;118;0
R-Vision 2;60;20251202;150000;115.64;115.65;115.6;115.6;21;0
R-Vision 2;60;20251202;160000;115.6;115.64;115.56;115.64;43;0
R-Vision 2;60;20251202;170000;115.64;115.64;115.56;115.64;42;0
R-Vision 2;60;20251202;180000;115.64;115.64;115.64;115.64;24;0
R-Vision 2;60;20251202;190000;115.64;115.64;115.5;115.62;63;0
R-Vision 2;60;20251202;210000;115.62;115.65;115.6;115.65;238;0
R-Vision 2;60;20251202;230000;115.65;115.65;115.65;115.65;64;0
R-Vision 2;60;20251203;090000;115.65;115.65;115.65;115.65;2;0
R-Vision 2;60;20251203;100000;115.71;115.71;115.32;115.42;189;0
R-Vision 2;60;20251203;110000;115.42;115.7;115.19;115.53;346;0
R-Vision 2;60;20251203;120000;115.53;115.59;115.53;115.59;27;0
R-Vision 2;60;20251203;130000;115.6;115.69;115.6;115.69;35;0
R-Vision 2;60;20251203;140000;115.69;115.88;115.65;115.88;1193;0
R-Vision 2;60;20251203;150000;115.8;115.8;115.8;115.8;13;0
R-Vision 2;60;20251203;160000;115.71;115.71;115.03;115.46;232;0
R-Vision 2;60;20251203;170000;115.29;115.53;115.04;115.29;95;0
R-Vision 2;60;20251203;180000;115.28;115.29;115.28;115.29;53;0
R-Vision 2;60;20251203;190000;115.09;115.09;115.02;115.02;147;0
R-Vision 2;60;20251203;200000;115.02;115.25;115.01;115.25;63;0
R-Vision 2;60;20251203;210000;115.25;115.25;115;115;44;0
R-Vision 2;60;20251203;220000;115;115;115;115;93;0
R-Vision 2;60;20251203;230000;115;115;115;115;2;0
R-Vision 2;60;20251204;100000;116.89;116.98;115.7;116.17;178;0
R-Vision 2;60;20251204;110000;116.17;117.48;116.09;117.3;375;0
R-Vision 2;60;20251204;120000;116.28;117.3;115.9;116.3;164;0
R-Vision 2;60;20251204;130000;116.38;116.39;116.35;116.39;3;0
R-Vision 2;60;20251204;140000;116.37;116.46;115.96;116.43;157;0
R-Vision 2;60;20251204;150000;116.43;116.43;116.17;116.17;9;0
R-Vision 2;60;20251204;160000;116.41;116.41;116.18;116.2;10;0
R-Vision 2;60;20251204;170000;116.41;116.41;116.18;116.39;98;0
R-Vision 2;60;20251204;180000;116.38;116.42;116.38;116.38;5;0
R-Vision 2;60;20251204;190000;116.38;116.45;116.38;116.45;51;0
R-Vision 2;60;20251204;200000;116.38;116.44;116.17;116.17;143;0
R-Vision 2;60;20251204;210000;116.17;116.17;115.91;115.91;5;0
R-Vision 2;60;20251204;220000;116.18;116.42;116.18;116.42;10;0
R-Vision 2;60;20251205;100000;116.42;116.93;115.89;115.99;135;0
R-Vision 2;60;20251205;110000;116.28;116.28;115.7;115.87;81;0
R-Vision 2;60;20251205;120000;115.83;115.83;114.85;114.89;2925;0
R-Vision 2;60;20251205;130000;115;115;114.99;115;635;0
R-Vision 2;60;20251205;140000;114.95;115.9;114.95;115.4;98;0
R-Vision 2;60;20251205;150000;115.29;116.39;115.16;116.39;252;0
R-Vision 2;60;20251205;160000;115.53;116.09;115.27;116.01;115;0
R-Vision 2;60;20251205;170000;116.09;116.37;116.06;116.06;34;0
R-Vision 2;60;20251205;180000;116.01;116.01;115.4;115.4;126;0
R-Vision 2;60;20251205;190000;115.44;115.8;115.44;115.8;9;0
R-Vision 2;60;20251205;200000;115.88;115.88;115.88;115.88;10;0
R-Vision 2;60;20251205;210000;115.4;115.4;115.27;115.27;6;0
R-Vision 2;60;20251205;220000;115.27;115.95;115.27;115.95;194;0
R-Vision 2;60;20251205;230000;115.98;115.98;115.95;115.95;43;0
R-Vision 2;60;20251208;090000;116.45;116.45;116.45;116.45;23;0
R-Vision 2;60;20251208;100000;116.45;116.45;115.63;116;316;0
R-Vision 2;60;20251208;110000;116;116;115.84;115.84;61;0
R-Vision 2;60;20251208;120000;115.84;116;114.48;115.98;923;0
R-Vision 2;60;20251208;130000;115.61;116;115.61;115.69;152;0
R-Vision 2;60;20251208;140000;115.73;115.97;115.67;115.97;154;0
R-Vision 2;60;20251208;150000;115.95;115.98;115.69;115.98;82;0
R-Vision 2;60;20251208;160000;115.97;115.98;115.71;115.98;30;0
R-Vision 2;60;20251208;170000;115.97;115.98;115.72;115.75;39;0
R-Vision 2;60;20251208;180000;115.97;116;115.95;115.95;106;0
R-Vision 2;60;20251208;190000;115.95;115.95;115.95;115.95;12;0
R-Vision 2;60;20251208;200000;115.95;116;115.95;116;23;0
R-Vision 2;60;20251208;210000;115.74;115.99;115.74;115.99;70;0
R-Vision 2;60;20251208;220000;115.99;115.99;115.99;115.99;7;0
R-Vision 2;60;20251208;230000;115.99;116;115.99;116;23;0
R-Vision 2;60;20251209;100000;115.69;115.92;115.68;115.91;17;0
R-Vision 2;60;20251209;110000;115.88;115.95;115.23;115.23;284;0
R-Vision 2;60;20251209;120000;115.48;115.48;114.78;114.78;149;0
R-Vision 2;60;20251209;130000;114.76;114.76;113.5;113.7;693;0
R-Vision 2;60;20251209;140000;113.61;114.97;113.53;114.95;685;0
R-Vision 2;60;20251209;150000;114.94;114.94;112.35;112.39;798;0
R-Vision 2;60;20251209;160000;114.09;114.14;109.9;112.79;923;0
R-Vision 2;60;20251209;170000;112.79;113.89;109.9;113.53;924;0
R-Vision 2;60;20251209;180000;110.85;113.79;110.85;111.75;374;0
R-Vision 2;60;20251209;190000;111.7;111.75;111.1;111.74;161;0
R-Vision 2;60;20251209;200000;111.69;111.75;111.21;111.41;135;0
R-Vision 2;60;20251209;210000;111.45;112.44;111.4;112.43;71;0
R-Vision 2;60;20251209;220000;111.35;112.42;111.25;112;73;0
R-Vision 2;60;20251209;230000;112;112.43;112;112.43;97;0
R-Vision 2;60;20251210;090000;112.43;112.43;112.43;112.43;9;0
R-Vision 2;60;20251210;100000;113.88;113.97;111.12;111.98;743;0
R-Vision 2;60;20251210;110000;112.48;112.48;111.5;112.17;24;0
R-Vision 2;60;20251210;120000;111.7;111.71;111.55;111.7;106;0
R-Vision 2;60;20251210;130000;111.68;111.7;111.15;111.39;363;0
R-Vision 2;60;20251210;140000;111.39;111.52;111.16;111.52;290;0
R-Vision 2;60;20251210;150000;111.52;111.53;110.03;111.5;517;0
R-Vision 2;60;20251210;160000;111.4;111.4;110.27;111.23;172;0
R-Vision 2;60;20251210;170000;111.01;111.39;111.01;111.24;52;0
R-Vision 2;60;20251210;180000;111.24;111.53;111.06;111.53;255;0
R-Vision 2;60;20251210;190000;111.68;112.91;111.65;112.62;228;0
R-Vision 2;60;20251210;200000;111.65;112.97;111.65;112.97;156;0
R-Vision 2;60;20251210;210000;112.95;112.95;111.88;111.88;86;0
R-Vision 2;60;20251210;220000;111.89;111.89;111.89;111.89;24;0
R-Vision 2;60;20251210;230000;111.9;112.66;111.9;112.66;11;0
R-Vision 2;60;20251211;100000;112.37;112.37;111.05;112;108;0
R-Vision 2;60;20251211;110000;111.58;112.08;111.04;111.27;529;0
R-Vision 2;60;20251211;120000;111.25;111.96;111.22;111.86;264;0
R-Vision 2;60;20251211;130000;111.96;112.03;111.51;111.77;160;0
R-Vision 2;60;20251211;140000;111.77;112.61;111.77;112.6;845;0
R-Vision 2;60;20251211;150000;112.57;112.66;112.57;112.62;52;0
R-Vision 2;60;20251211;160000;112.62;112.65;112.06;112.06;198;0
R-Vision 2;60;20251211;170000;112.27;112.53;112.04;112.33;103;0
R-Vision 2;60;20251211;180000;112.45;112.64;112.02;112.36;147;0
R-Vision 2;60;20251211;190000;112.07;112.61;111.65;112;120;0
R-Vision 2;60;20251211;200000;112.5;112.5;111.78;112.48;61;0
R-Vision 2;60;20251211;210000;112.48;112.48;111.78;112.47;41;0
R-Vision 2;60;20251211;220000;112.42;112.42;112.42;112.42;30;0
R-Vision 2;60;20251211;230000;112.29;112.29;111.86;112.25;44;0
R-Vision 2;60;20251212;090000;112.25;112.25;112.25;112.25;41;0
R-Vision 2;60;20251212;100000;112.82;112.82;111.83;112.17;464;0
R-Vision 2;60;20251212;110000;112.16;112.8;112.15;112.31;4044;0
R-Vision 2;60;20251212;120000;112.32;112.32;111.23;111.24;755;0
R-Vision 2;60;20251212;130000;112;112;111.24;111.25;190;0
R-Vision 2;60;20251212;140000;111.45;112.29;111.22;112.04;456;0
R-Vision 2;60;20251212;150000;112.04;112.31;112.04;112.31;135;0
R-Vision 2;60;20251212;160000;112.01;112.01;112;112;10;0
R-Vision 2;60;20251212;170000;112.3;112.31;112.04;112.04;36;0
R-Vision 2;60;20251212;180000;112.31;112.31;111.75;111.76;167;0
R-Vision 2;60;20251212;190000;111.89;112.22;111.75;112.2;125;0
R-Vision 2;60;20251212;200000;112.2;112.22;111.76;112.22;109;0
R-Vision 2;60;20251212;210000;112.09;112.09;111.99;111.99;11;0
R-Vision 2;60;20251212;230000;112;112;112;112;1;0
R-Vision 2;60;20251215;100000;111.52;112.7;111.52;111.83;107;0
R-Vision 2;60;20251215;110000;111.98;112.46;111.98;112;65;0
R-Vision 2;60;20251215;120000;112;112.01;111.84;111.84;44;0
R-Vision 2;60;20251215;130000;111.83;111.93;111.63;111.93;43;0
R-Vision 2;60;20251215;140000;111.86;111.94;111.86;111.87;26;0
R-Vision 2;60;20251215;150000;111.89;112.12;111.89;111.99;35;0
R-Vision 2;60;20251215;160000;112.05;112.05;111.8;111.8;36;0
R-Vision 2;60;20251215;170000;111.9;111.9;111.89;111.9;103;0
R-Vision 2;60;20251215;180000;111.89;112.64;111.89;112.64;125;0
R-Vision 2;60;20251215;190000;112.59;112.59;112;112.53;98;0
R-Vision 2;60;20251215;200000;112.51;112.52;112.51;112.52;41;0
R-Vision 2;60;20251215;210000;112.52;112.53;112.52;112.53;15;0
R-Vision 2;60;20251215;220000;112.4;112.5;112.4;112.4;22;0
R-Vision 2;60;20251215;230000;112.15;112.54;112.15;112.54;64;0
R-Vision 2;60;20251216;100000;112.83;113.14;112.83;112.89;286;0
R-Vision 2;60;20251216;110000;113.24;113.51;112.97;113.5;119;0
R-Vision 2;60;20251216;120000;113.5;113.5;112.99;113.04;106;0
R-Vision 2;60;20251216;130000;113.42;113.8;113.34;113.52;316;0
R-Vision 2;60;20251216;140000;113.7;113.8;113.7;113.78;19;0
R-Vision 2;60;20251216;150000;113.77;113.78;113.52;113.78;12;0
R-Vision 2;60;20251216;160000;113.78;113.78;113.7;113.7;35;0
R-Vision 2;60;20251216;170000;113.7;113.7;113.52;113.52;10;0
R-Vision 2;60;20251216;180000;113.56;113.74;113.52;113.74;37;0
R-Vision 2;60;20251216;190000;113.74;113.75;113.74;113.74;86;0
R-Vision 2;60;20251216;200000;113.74;113.75;113.74;113.75;23;0
R-Vision 2;60;20251216;210000;113.75;113.75;113.52;113.52;27;0
R-Vision 2;60;20251216;220000;113.74;113.75;113.74;113.74;4;0
R-Vision 2;60;20251217;090000;113.74;113.74;113.74;113.74;4;0
R-Vision 2;60;20251217;100000;113.53;114.01;113.53;113.98;44;0
R-Vision 2;60;20251217;110000;113.72;113.99;113.7;113.99;346;0
R-Vision 2;60;20251217;120000;113.99;113.99;112.23;112.23;625;0
R-Vision 2;60;20251217;130000;112.33;113.34;112.22;112.9;74;0
R-Vision 2;60;20251217;140000;113.36;113.51;112.7;112.81;274;0
R-Vision 2;60;20251217;150000;112.73;112.77;112.33;112.33;44;0
R-Vision 2;60;20251217;160000;112.37;112.61;112.36;112.6;56;0
R-Vision 2;60;20251217;170000;112.39;112.79;112.39;112.55;102;0
R-Vision 2;60;20251217;180000;112.8;112.8;112.8;112.8;10;0
R-Vision 2;60;20251217;190000;112.99;113;112.56;112.81;206;0
R-Vision 2;60;20251217;200000;112.91;112.91;112.59;112.87;29;0
R-Vision 2;60;20251217;210000;112.84;112.97;112.82;112.97;18;0
R-Vision 2;60;20251217;220000;112.97;112.97;112.87;112.87;3;0
R-Vision 2;60;20251217;230000;112.87;112.87;112.87;112.87;1;0
R-Vision 2;60;20251218;100000;113.99;113.99;112.37;112.93;250;0
R-Vision 2;60;20251218;110000;112.62;112.9;112.22;112.56;165;0
R-Vision 2;60;20251218;120000;112.5;112.68;112.5;112.68;57;0
R-Vision 2;60;20251218;130000;112.5;112.6;112.23;112.57;49;0
R-Vision 2;60;20251218;140000;112.4;112.59;112.22;112.22;90;0
R-Vision 2;60;20251218;150000;112.55;112.6;112.54;112.58;38;0
R-Vision 2;60;20251218;160000;112.38;112.58;112.33;112.57;102;0
R-Vision 2;60;20251218;170000;112.57;112.57;111.06;111.87;669;0
R-Vision 2;60;20251218;180000;111.87;111.99;111.87;111.94;47;0
R-Vision 2;60;20251218;190000;112.48;112.6;112.48;112.6;177;0
R-Vision 2;60;20251218;200000;112.57;112.57;112.57;112.57;56;0
R-Vision 2;60;20251218;210000;112.5;112.57;112.48;112.57;17;0
R-Vision 2;60;20251218;220000;112.57;112.57;112.48;112.48;30;0
R-Vision 2;60;20251218;230000;112.57;112.57;112.06;112.12;26;0
R-Vision 2;60;20251219;100000;112.48;113.97;111.29;112.86;98;0
R-Vision 2;60;20251219;110000;112.58;112.76;112.58;112.76;54;0
R-Vision 2;60;20251219;120000;112.76;112.96;112.64;112.64;153;0
R-Vision 2;60;20251219;130000;112.96;112.96;112.74;112.96;21;0
R-Vision 2;60;20251219;140000;112.97;112.97;112.96;112.97;107;0
R-Vision 2;60;20251219;150000;113.07;113.48;112.95;113.46;72;0
R-Vision 2;60;20251219;160000;113.14;113.69;112.85;113.56;132;0
R-Vision 2;60;20251219;170000;113.55;113.7;113.55;113.7;2029;0
R-Vision 2;60;20251219;180000;113.55;113.75;113.55;113.75;10;0
R-Vision 2;60;20251219;190000;113.58;113.58;113.56;113.58;23;0
R-Vision 2;60;20251219;200000;113.56;113.7;113.56;113.7;2;0
R-Vision 2;60;20251219;220000;113.7;113.7;113.7;113.7;23;0
R-Vision 2;60;20251219;230000;113.58;113.58;112.86;112.86;21;0
R-Vision 2;60;20251222;090000;114.01;114.01;114.01;114.01;7;0
R-Vision 2;60;20251222;100000;113.53;114.46;112.66;113.9;239;0
R-Vision 2;60;20251222;110000;113.9;113.97;112.51;113.06;149;0
R-Vision 2;60;20251222;120000;112.98;113.18;112.98;113.16;290;0
R-Vision 2;60;20251222;130000;113.16;113.16;113;113.16;118;0
R-Vision 2;60;20251222;140000;113.15;113.15;112.98;113.1;61;0
R-Vision 2;60;20251222;150000;113.15;113.15;112.72;113.15;209;0
R-Vision 2;60;20251222;160000;113.15;113.15;113.15;113.15;35;0
R-Vision 2;60;20251222;170000;113.15;113.15;113.05;113.15;26;0
R-Vision 2;60;20251222;180000;113.15;113.15;113.15;113.15;69;0
R-Vision 2;60;20251222;190000;113.05;113.15;112.02;113.11;462;0
R-Vision 2;60;20251222;200000;113.09;113.09;113.06;113.09;111;0
R-Vision 2;60;20251222;210000;113.09;113.09;113;113.09;12;0
R-Vision 2;60;20251222;230000;113.05;113.05;112.3;113.04;12;0
R-Vision 2;60;20251223;100000;112.62;113.03;112.57;112.57;74;0
R-Vision 2;60;20251223;110000;112.57;112.57;112.08;112.11;113;0
R-Vision 2;60;20251223;120000;112.35;112.35;112.05;112.1;86;0
R-Vision 2;60;20251223;130000;112.1;112.35;112.02;112.33;186;0
R-Vision 2;60;20251223;140000;112.33;112.33;112.21;112.21;96;0
R-Vision 2;60;20251223;150000;112.2;112.2;112.01;112.01;1022;0
R-Vision 2;60;20251223;160000;112.19;112.19;112.01;112.16;94;0
R-Vision 2;60;20251223;170000;112.16;112.19;112;112;182;0
R-Vision 2;60;20251223;180000;111.83;112.18;111.5;112.18;62;0
R-Vision 2;60;20251223;190000;111.73;112.18;111.73;112.18;6;0
R-Vision 2;60;20251223;200000;112.18;112.18;112.04;112.04;5;0
R-Vision 2;60;20251223;210000;112.05;112.06;112.05;112.06;5;0
R-Vision 2;60;20251223;230000;112.18;112.18;112.06;112.06;4;0
R-Vision 2;60;20251224;090000;113.11;113.11;113.11;113.11;10;0
R-Vision 2;60;20251224;100000;112.65;112.91;112.1;112.12;183;0
R-Vision 2;60;20251224;110000;112.06;112.07;112.01;112.04;333;0
R-Vision 2;60;20251224;120000;112.01;112.01;111.46;111.98;182;0
R-Vision 2;60;20251224;130000;111.98;112.06;111.97;112.06;152;0
R-Vision 2;60;20251224;140000;112.03;112.07;111.98;111.98;675;0
R-Vision 2;60;20251224;150000;111.98;112.07;111.98;112.07;146;0
R-Vision 2;60;20251224;160000;112.07;112.1;112.07;112.1;40;0
R-Vision 2;60;20251224;170000;112.1;112.48;112.1;112.48;16;0
R-Vision 2;60;20251224;180000;112.48;112.48;112.4;112.4;47;0
R-Vision 2;60;20251224;190000;112.48;112.51;112.48;112.51;24;0
R-Vision 2;60;20251224;200000;112.54;112.96;112.54;112.96;57;0
R-Vision 2;60;20251224;210000;112.96;112.96;112.54;112.9;60;0
R-Vision 2;60;20251224;220000;112.9;112.9;112.54;112.9;33;0
R-Vision 2;60;20251224;230000;112.9;112.9;112.9;112.9;6;0
R-Vision 2;60;20251225;100000;113.06;113.08;111.34;112.88;512;0
R-Vision 2;60;20251225;110000;112.84;112.88;112.47;112.47;114;0
R-Vision 2;60;20251225;120000;112.48;112.48;111.04;111.3;388;0
R-Vision 2;60;20251225;130000;111.3;112.19;111.3;111.96;78;0
R-Vision 2;60;20251225;140000;111.87;112;111.7;112;50;0
R-Vision 2;60;20251225;150000;112;112.38;111.7;112.38;144;0
R-Vision 2;60;20251225;160000;112.05;112.46;112.05;112.42;19;0
R-Vision 2;60;20251225;170000;112.42;112.47;112.42;112.47;93;0
R-Vision 2;60;20251225;180000;112.47;112.48;112.47;112.48;119;0
R-Vision 2;60;20251225;190000;112.48;112.71;112.47;112.71;46;0
R-Vision 2;60;20251225;200000;112.48;112.83;112.48;112.8;38;0
R-Vision 2;60;20251225;210000;112.8;112.84;112.8;112.84;18;0
R-Vision 2;60;20251225;220000;112.82;112.84;112.82;112.84;21;0
R-Vision 2;60;20251225;230000;112.5;112.5;111.71;111.71;19;0
R-Vision 2;60;20251226;090000;111.99;111.99;111.99;111.99;1;0
R-Vision 2;60;20251226;100000;112.81;112.81;111.99;112.75;72;0
R-Vision 2;60;20251226;110000;112.75;112.79;111.99;112.79;610;0
R-Vision 2;60;20251226;120000;112.79;112.79;112.77;112.78;579;0
R-Vision 2;60;20251226;130000;112.78;112.78;112.5;112.5;37;0
R-Vision 2;60;20251226;140000;112.51;112.78;112.5;112.5;77;0
R-Vision 2;60;20251226;150000;112.77;112.78;112.5;112.53;153;0
R-Vision 2;60;20251226;160000;112.77;112.77;112.51;112.75;175;0
R-Vision 2;60;20251226;170000;112.66;112.77;112.66;112.77;39;0
R-Vision 2;60;20251226;180000;112.7;112.79;112.7;112.79;142;0
R-Vision 2;60;20251226;190000;112.79;113.68;112.79;113.68;171;0
R-Vision 2;60;20251226;200000;113.2;113.69;112.87;113.69;107;0
R-Vision 2;60;20251226;210000;113.7;113.71;113.7;113.71;4;0
R-Vision 2;60;20251226;220000;113.72;113.85;113.71;113.83;176;0
R-Vision 2;60;20251226;230000;113.38;113.6;113.38;113.59;5;0
R-Vision 2;60;20251229;090000;113.54;113.54;113.54;113.54;17;0
R-Vision 2;60;20251229;100000;113;113.56;112.02;112.94;1016;0
R-Vision 2;60;20251229;110000;113.13;113.31;113.13;113.31;80;0
R-Vision 2;60;20251229;120000;113.31;113.31;112.87;113.31;330;0
R-Vision 2;60;20251229;130000;113.31;113.31;113.11;113.31;235;0
R-Vision 2;60;20251229;140000;113.31;113.5;113.31;113.5;107;0
R-Vision 2;60;20251229;150000;113.44;114.44;113.44;113.83;194;0
R-Vision 2;60;20251229;160000;114.41;114.41;113.53;114.11;206;0
R-Vision 2;60;20251229;170000;113.9;114.08;113.35;113.95;316;0
R-Vision 2;60;20251229;180000;113.95;114.2;113.32;114.14;252;0
R-Vision 2;60;20251229;190000;114.13;114.14;113.76;114.14;88;0
R-Vision 2;60;20251229;200000;114;114;113.76;113.79;102;0
R-Vision 2;60;20251229;210000;113.98;113.99;113.8;113.8;72;0
R-Vision 2;60;20251229;220000;113.98;115.1;113.98;114.32;331;0
R-Vision 2;60;20251229;230000;114.62;114.62;114.62;114.62;1;0
R-Vision 2;60;20251230;100000;114.63;114.69;113.85;114.14;149;0
R-Vision 2;60;20251230;110000;114;114.17;113.78;113.78;89;0
R-Vision 2;60;20251230;120000;114.15;114.16;113.95;114.16;55;0
R-Vision 2;60;20251230;130000;113.9;114.16;113.88;114.15;114;0
R-Vision 2;60;20251230;140000;114.15;114.5;114.15;114.5;365;0
R-Vision 2;60;20251230;150000;114.5;114.5;114.1;114.35;542;0
R-Vision 2;60;20251230;160000;114.35;114.5;114.08;114.49;151;0
R-Vision 2;60;20251230;170000;114.49;114.5;114.49;114.5;107;0
R-Vision 2;60;20251230;180000;114.5;114.5;114.49;114.5;93;0
R-Vision 2;60;20251230;190000;114.53;114.6;114.49;114.6;143;0
R-Vision 2;60;20251230;200000;114.6;114.6;114.6;114.6;4;0
R-Vision 2;60;20251230;210000;114.7;114.79;114.7;114.79;11;0
R-Vision 2;60;20251230;220000;114.79;115.39;114.79;115.39;72;0
R-Vision 2;60;20251230;230000;114.66;115.26;114;115.26;181;0
R-Vision 2;60;20260105;090000;114.5;114.5;114.5;114.5;20;0
R-Vision 2;60;20260105;100000;113.52;114.9;113.09;114.4;791;0
R-Vision 2;60;20260105;110000;114.46;114.46;113.95;113.95;81;0
R-Vision 2;60;20260105;120000;113.95;114.47;113.92;113.98;186;0
R-Vision 2;60;20260105;130000;113.97;113.97;113.57;113.8;77;0
R-Vision 2;60;20260105;140000;113.53;113.72;113.5;113.58;86;0
R-Vision 2;60;20260105;150000;113.58;113.61;113.51;113.6;57;0
R-Vision 2;60;20260105;160000;113.56;113.71;113.52;113.52;76;0
R-Vision 2;60;20260105;170000;113.7;114.02;113.7;114.02;77;0
R-Vision 2;60;20260105;180000;114.29;114.29;113.94;114.15;128;0
R-Vision 2;60;20260105;190000;114.17;114.23;113.94;114;54;0
R-Vision 2;60;20260105;200000;114.11;114.16;114.02;114.02;52;0
R-Vision 2;60;20260105;210000;114.13;114.46;114.13;114.2;110;0
R-Vision 2;60;20260105;220000;114.42;114.49;114.42;114.49;27;0
R-Vision 2;60;20260105;230000;114.23;114.23;114.23;114.23;2;0
R-Vision 2;60;20260106;100000;114.37;114.37;114.2;114.22;79;0
R-Vision 2;60;20260106;110000;114.23;114.23;114.22;114.22;50;0
R-Vision 2;60;20260106;120000;114.21;114.24;114.15;114.24;264;0
R-Vision 2;60;20260106;130000;114.46;114.5;114.24;114.24;20;0
R-Vision 2;60;20260106;140000;114.24;114.37;114.24;114.37;137;0
R-Vision 2;60;20260106;150000;114.3;114.36;114.3;114.36;18;0
R-Vision 2;60;20260106;160000;114.36;114.36;114.23;114.34;214;0
R-Vision 2;60;20260106;170000;114.34;114.34;114.24;114.24;19;0
R-Vision 2;60;20260106;180000;114.32;114.32;114.32;114.32;2;0
R-Vision 2;60;20260106;190000;114.24;114.32;114.23;114.32;34;0
R-Vision 2;60;20260106;200000;114.32;114.32;114.24;114.24;2;0
R-Vision 2;60;20260106;210000;114.24;114.24;114.24;114.24;3;0
R-Vision 2;60;20260106;230000;114.24;114.24;114.24;114.24;5;0
R-Vision 2;60;20260108;100000;114.26;114.26;114.1;114.1;71;0
R-Vision 2;60;20260108;110000;114.24;114.25;114.11;114.25;49;0
R-Vision 2;60;20260108;120000;114.25;114.25;113.48;113.88;527;0
R-Vision 2;60;20260108;130000;113.79;114.2;113.78;114.12;37;0
R-Vision 2;60;20260108;140000;113.86;113.86;113.85;113.85;3;0
R-Vision 2;60;20260108;150000;113.86;114.25;113.86;114.25;91;0
R-Vision 2;60;20260108;160000;114.05;114.14;113.7;114.14;37;0
R-Vision 2;60;20260108;170000;114.09;114.5;113.79;114.49;268;0
R-Vision 2;60;20260108;180000;114.2;114.48;114.2;114.4;14;0
R-Vision 2;60;20260108;190000;114.4;114.45;114.4;114.45;13;0
R-Vision 2;60;20260108;200000;114.45;114.45;114.45;114.45;2;0
R-Vision 2;60;20260108;210000;114.47;114.5;114.4;114.4;9;0
R-Vision 2;60;20260108;220000;114.4;114.4;114.4;114.4;1;0
R-Vision 2;60;20260108;230000;114.5;114.5;114.5;114.5;4;0
R-Vision 2;60;20260109;100000;114.5;114.6;114.5;114.53;57;0
R-Vision 2;60;20260109;110000;114.53;114.53;114.35;114.35;32;0
R-Vision 2;60;20260109;120000;114.36;114.53;114.35;114.35;96;0
R-Vision 2;60;20260109;130000;114.53;114.62;114.35;114.62;122;0
R-Vision 2;60;20260109;140000;114.39;114.7;114.36;114.36;119;0
R-Vision 2;60;20260109;150000;114.37;114.37;114.37;114.37;1;0
R-Vision 2;60;20260109;160000;114.36;114.36;114;114;30;0
R-Vision 2;60;20260109;180000;114.53;114.54;114.52;114.54;5;0
R-Vision 2;60;20260109;190000;114.37;114.6;114.37;114.6;8;0
R-Vision 2;60;20260109;200000;114.6;114.6;114.47;114.47;27;0
R-Vision 2;60;20260109;210000;114.61;114.7;114.33;114.33;64;0
R-Vision 2;60;20260109;220000;114.32;114.32;114;114.26;13;0
R-Vision 2;60;20260112;090000;114.26;114.26;114.26;114.26;14;0
R-Vision 2;60;20260112;100000;114;114.26;113.31;114.26;296;0
R-Vision 2;60;20260112;110000;114.26;115.28;114.25;115.28;49;0
R-Vision 2;60;20260112;120000;115.27;115.28;114.94;114.99;80;0
R-Vision 2;60;20260112;130000;114.94;114.94;114.58;114.58;10;0
R-Vision 2;60;20260112;140000;114.58;114.58;114.28;114.58;13;0
R-Vision 2;60;20260112;150000;114.58;114.58;114.58;114.58;4;0
R-Vision 2;60;20260112;160000;114.58;114.7;114.31;114.7;146;0
R-Vision 2;60;20260112;170000;114.7;114.7;114.7;114.7;72;0
R-Vision 2;60;20260112;180000;114.7;114.7;114.7;114.7;13;0
R-Vision 2;60;20260112;190000;114.5;114.7;114.43;114.7;9;0
R-Vision 2;60;20260112;200000;114.69;114.7;114.41;114.41;37;0
R-Vision 2;60;20260112;210000;114.42;114.69;114.41;114.69;4;0
R-Vision 2;60;20260113;090000;115.5;115.5;115.5;115.5;1;0
R-Vision 2;60;20260113;100000;115.49;115.81;113.64;114.61;42;0
R-Vision 2;60;20260113;110000;114.61;114.61;114.05;114.17;55;0
R-Vision 2;60;20260113;120000;114.31;114.4;114.29;114.4;8;0
R-Vision 2;60;20260113;130000;114.38;114.61;114.23;114.61;76;0
R-Vision 2;60;20260113;140000;114.6;114.61;114.44;114.44;38;0
R-Vision 2;60;20260113;150000;114.44;114.7;114.31;114.7;365;0
R-Vision 2;60;20260113;160000;114.35;114.58;114.16;114.18;36;0
R-Vision 2;60;20260113;170000;114.46;114.48;114.46;114.48;11;0
R-Vision 2;60;20260113;180000;114.48;114.7;114.25;114.7;24;0
R-Vision 2;60;20260113;190000;114.65;114.66;114.25;114.66;106;0
R-Vision 2;60;20260113;200000;114.36;114.66;114.36;114.66;10;0
R-Vision 2;60;20260113;210000;114.66;114.66;114.37;114.63;3;0
R-Vision 2;60;20260113;220000;114.67;114.69;114.67;114.69;11;0
R-Vision 2;60;20260114;100000;114.68;114.69;114.43;114.69;174;0
R-Vision 2;60;20260114;110000;114.69;114.69;114.69;114.69;77;0
R-Vision 2;60;20260114;120000;114.69;114.7;114.58;114.58;47;0
R-Vision 2;60;20260114;130000;114.58;114.69;114.58;114.58;31;0
R-Vision 2;60;20260114;140000;114.63;114.63;114.63;114.63;23;0
R-Vision 2;60;20260114;150000;114.63;114.63;114.63;114.63;7;0
R-Vision 2;60;20260114;160000;114.63;114.63;114.63;114.63;3;0
R-Vision 2;60;20260114;170000;114.61;114.63;114.58;114.63;23;0
R-Vision 2;60;20260114;180000;114.63;114.63;114.58;114.63;111;0
R-Vision 2;60;20260114;190000;114.63;114.63;114.63;114.63;4;0
R-Vision 2;60;20260114;200000;114.7;114.7;114.7;114.7;1;0
R-Vision 2;60;20260114;220000;114.7;114.7;114.63;114.63;24;0
R-Vision 2;60;20260114;230000;114.63;114.63;114.63;114.63;4;0
R-Vision 2;60;20260115;100000;114.76;114.76;114.37;114.37;115;0
R-Vision 2;60;20260115;110000;114.69;115.54;114.69;115.54;195;0
R-Vision 2;60;20260115;120000;115.55;115.61;115.16;115.61;49;0
R-Vision 2;60;20260115;130000;115.62;116.18;115.62;116.18;56;0
R-Vision 2;60;20260115;140000;116.65;116.65;114.52;115.99;97;0
R-Vision 2;60;20260115;150000;115.95;116;114.58;115.99;118;0
R-Vision 2;60;20260115;160000;115.99;115.99;114.87;115.98;65;0
R-Vision 2;60;20260115;170000;115.98;115.98;115.98;115.98;5;0
R-Vision 2;60;20260115;190000;115.5;115.53;115.2;115.52;33;0
R-Vision 2;60;20260115;200000;115.52;115.52;115.52;115.52;2;0
R-Vision 2;60;20260115;210000;115.52;116;115.52;116;134;0
R-Vision 2;60;20260115;220000;116;116;115.2;115.2;20;0
R-Vision 2;60;20260116;100000;115.2;115.27;115.2;115.27;66;0
R-Vision 2;60;20260116;110000;115.25;115.27;115.25;115.27;52;0
R-Vision 2;60;20260116;120000;115.27;115.27;115.23;115.27;9;0
R-Vision 2;60;20260116;130000;115.27;115.27;114.67;114.67;105;0
R-Vision 2;60;20260116;140000;115.11;115.13;115.11;115.13;4;0
R-Vision 2;60;20260116;150000;115.13;115.27;114.97;114.97;42;0
R-Vision 2;60;20260116;160000;114.97;115.27;114.97;115.27;86;0
R-Vision 2;60;20260116;180000;115.27;115.27;115.27;115.27;4;0
R-Vision 2;60;20260116;190000;115.27;115.27;115.27;115.27;4;0
R-Vision 2;60;20260116;200000;115.27;115.28;115.16;115.28;107;0
R-Vision 2;60;20260116;210000;115.14;115.28;115.14;115.28;5;0
R-Vision 2;60;20260116;220000;115.02;115.28;114.97;115.28;103;0
R-Vision 2;60;20260116;230000;115.28;115.89;115.28;115.89;30;0
R-Vision 2;60;20260119;100000;115.98;115.98;114.86;115.03;78;0
R-Vision 2;60;20260119;110000;115.54;115.8;115.1;115.79;117;0
R-Vision 2;60;20260119;120000;115.79;115.8;115.12;115.78;97;0
R-Vision 2;60;20260119;130000;115.25;115.74;115.25;115.74;12;0
R-Vision 2;60;20260119;140000;115.74;115.79;115.28;115.33;141;0
R-Vision 2;60;20260119;150000;115.73;115.74;115.73;115.74;2;0
R-Vision 2;60;20260119;160000;115.7;115.72;115.46;115.46;22;0
R-Vision 2;60;20260119;170000;115.11;115.11;115.11;115.11;1;0
R-Vision 2;60;20260119;180000;115.72;115.73;115.72;115.73;25;0
R-Vision 2;60;20260119;190000;115.48;115.74;115.06;115.06;278;0
R-Vision 2;60;20260119;200000;115.25;115.25;115.07;115.07;8;0
R-Vision 2;60;20260119;210000;115.06;115.73;115.06;115.73;758;0
R-Vision 2;60;20260119;220000;115.73;115.73;115.07;115.07;22;0
R-Vision 2;60;20260119;230000;115.07;115.07;115.07;115.07;6;0
R-Vision 2;60;20260120;100000;115.07;115.54;114.82;115.06;27;0
R-Vision 2;60;20260120;110000;115.07;115.07;114.82;115.05;43;0
R-Vision 2;60;20260120;120000;115;115.05;115;115;317;0
R-Vision 2;60;20260120;130000;115.05;115.05;115;115.01;125;0
R-Vision 2;60;20260120;140000;115;115.05;115;115;490;0
R-Vision 2;60;20260120;150000;115;115.01;115;115;1725;0
R-Vision 2;60;20260120;160000;115.05;115.05;115;115.05;20;0
R-Vision 2;60;20260120;170000;115;115.46;115;115.46;86;0
R-Vision 2;60;20260120;180000;115.44;115.44;115.27;115.27;5;0
R-Vision 2;60;20260120;190000;115.47;115.52;115.47;115.5;35;0
R-Vision 2;60;20260120;200000;115.52;115.52;115.52;115.52;10;0
R-Vision 2;60;20260120;220000;115.52;115.52;115.52;115.52;1;0
R-Vision 2;60;20260120;230000;115.52;115.79;115.52;115.79;50;0
R-Vision 2;60;20260121;090000;115.79;115.79;115.79;115.79;15;0
R-Vision 2;60;20260121;100000;115.79;115.8;115.79;115.79;291;0
R-Vision 2;60;20260121;110000;115.79;115.99;115.79;115.99;216;0
R-Vision 2;60;20260121;120000;115.99;115.99;115.79;115.79;130;0
R-Vision 2;60;20260121;130000;115.79;115.99;115.2;115.2;15;0
R-Vision 2;60;20260121;140000;115.25;115.99;115.25;115.99;45;0
R-Vision 2;60;20260121;150000;115.99;115.99;115.4;115.99;22;0
R-Vision 2;60;20260121;160000;115.99;115.99;115.28;115.28;6;0
R-Vision 2;60;20260121;170000;115.98;115.99;115.98;115.99;77;0
R-Vision 2;60;20260121;180000;115.99;115.99;115.31;115.31;28;0
R-Vision 2;60;20260121;190000;115.98;115.98;115.02;115.98;30;0
R-Vision 2;60;20260121;200000;115.24;115.24;115.15;115.15;7;0
R-Vision 2;60;20260121;210000;115.98;115.98;115.98;115.98;2;0
R-Vision 2;60;20260121;220000;115.93;115.93;115.93;115.93;1;0
R-Vision 2;60;20260121;230000;115.93;115.99;115.93;115.99;5;0
R-Vision 2;60;20260122;100000;115.99;115.99;115.5;115.57;21;0
R-Vision 2;60;20260122;110000;115.57;115.59;115.57;115.59;8;0
R-Vision 2;60;20260122;120000;115.5;116;115.5;115.8;93;0
R-Vision 2;60;20260122;130000;115.62;115.8;115.5;115.5;13;0
R-Vision 2;60;20260122;140000;115.75;116;115.5;115.96;91;0
R-Vision 2;60;20260122;150000;115.75;115.75;115.5;115.5;13;0
R-Vision 2;60;20260122;160000;115.72;116;115.5;115.7;22;0
R-Vision 2;60;20260122;170000;115.7;115.7;115.7;115.7;1;0
R-Vision 2;60;20260122;180000;115.96;115.98;115.96;115.98;14;0
R-Vision 2;60;20260122;190000;115.97;115.97;115.7;115.7;31;0
R-Vision 2;60;20260122;200000;115.82;115.82;115.7;115.82;27;0
R-Vision 2;60;20260122;210000;115.82;115.82;115.82;115.82;1;0
R-Vision 2;60;20260122;220000;115.82;115.82;115.82;115.82;1;0
R-Vision 2;60;20260122;230000;115.81;115.81;115.81;115.81;1;0
R-Vision 2;60;20260123;100000;115.65;116;115.65;115.99;78;0
R-Vision 2;60;20260123;110000;115.99;116;115.75;115.9;452;0
R-Vision 2;60;20260123;120000;115.52;115.87;115.51;115.87;47;0
R-Vision 2;60;20260123;130000;115.86;116;115.57;115.63;145;0
R-Vision 2;60;20260123;140000;115.43;115.63;115.42;115.42;56;0
R-Vision 2;60;20260123;150000;115.95;115.97;115.8;115.82;29;0
R-Vision 2;60;20260123;160000;115.77;115.77;115.6;115.77;32;0
R-Vision 2;60;20260123;170000;115.77;115.91;115.51;115.87;53;0
R-Vision 2;60;20260123;180000;115.84;115.97;115.82;115.97;79;0
R-Vision 2;60;20260123;190000;115.84;115.97;115.84;115.97;267;0
R-Vision 2;60;20260123;200000;115.94;116;115.94;116;165;0
R-Vision 2;60;20260123;210000;115.53;115.99;115.53;115.99;3;0
R-Vision 2;60;20260123;220000;115.53;115.53;115.53;115.53;2;0
R-Vision 2;60;20260123;230000;115.61;115.97;115.03;115.97;21;0
R-Vision 2;60;20260126;090000;115.27;115.27;115.27;115.27;50;0
R-Vision 2;60;20260126;100000;115.99;115.99;115.18;115.76;115;0
R-Vision 2;60;20260126;110000;115.74;116.73;115.74;116.73;727;0
R-Vision 2;60;20260126;120000;116.65;116.65;115.99;116;12;0
R-Vision 2;60;20260126;130000;116.54;116.54;115.49;115.49;48;0
R-Vision 2;60;20260126;140000;115.91;115.91;115.19;115.75;285;0
R-Vision 2;60;20260126;150000;115.44;115.75;115.44;115.75;12;0
R-Vision 2;60;20260126;160000;115.5;115.5;115.5;115.5;10;0
R-Vision 2;60;20260126;170000;115.75;115.75;115.44;115.6;135;0
R-Vision 2;60;20260126;180000;115.31;115.31;115.31;115.31;5;0
R-Vision 2;60;20260126;190000;115.5;115.5;115.5;115.5;1;0
R-Vision 2;60;20260126;200000;115.59;115.59;115.59;115.59;2;0
R-Vision 2;60;20260126;210000;115.59;115.59;115.5;115.5;14;0
R-Vision 2;60;20260126;220000;115.32;115.59;115.32;115.59;12;0
R-Vision 2;60;20260126;230000;115.6;115.6;115.6;115.6;11;0
R-Vision 2;60;20260127;090000;115.6;115.6;115.6;115.6;2;0
R-Vision 2;60;20260127;100000;115.6;116.66;115.6;116.23;74;0
R-Vision 2;60;20260127;110000;116.29;116.29;115.3;116.29;98;0
R-Vision 2;60;20260127;120000;116.2;116.49;115.4;116.28;145;0
R-Vision 2;60;20260127;130000;116.24;116.27;115.38;115.98;21;0
R-Vision 2;60;20260127;140000;115.98;115.98;115.96;115.98;81;0
R-Vision 2;60;20260127;150000;115.98;115.98;115.42;115.42;23;0
R-Vision 2;60;20260127;160000;115.93;116.63;115.93;116.56;117;0
R-Vision 2;60;20260127;170000;116.11;116.47;116.11;116.22;27;0
R-Vision 2;60;20260127;180000;116.2;116.21;116.2;116.21;4;0
R-Vision 2;60;20260127;190000;116.21;116.5;116.21;116.39;45;0
R-Vision 2;60;20260127;200000;116.39;116.5;116.38;116.5;109;0
R-Vision 2;60;20260127;210000;116.5;116.5;116.5;116.5;6;0
R-Vision 2;60;20260127;220000;116.23;116.23;115.43;115.43;93;0
R-Vision 2;60;20260127;230000;116.21;116.21;116.21;116.21;1;0
R-Vision 2;60;20260128;090000;116;116;116;116;3;0
R-Vision 2;60;20260128;100000;115.99;116;114.09;114.09;666;0
R-Vision 2;60;20260128;110000;114.98;114.99;114.8;114.99;24;0
R-Vision 2;60;20260128;120000;114.99;115.51;114.97;115.49;57;0
R-Vision 2;60;20260128;130000;115.49;115.79;115.49;115.79;100;0
R-Vision 2;60;20260128;140000;115.79;115.93;115.79;115.81;97;0
R-Vision 2;60;20260128;150000;115.97;115.98;115.06;115.06;95;0
R-Vision 2;60;20260128;160000;115.74;115.75;115.74;115.74;41;0
R-Vision 2;60;20260128;170000;115.51;115.97;115.07;115.81;69;0
R-Vision 2;60;20260128;180000;115.62;115.62;115.33;115.61;12;0
R-Vision 2;60;20260128;190000;115.61;115.61;115.61;115.61;32;0
R-Vision 2;60;20260128;200000;115.61;115.61;115.61;115.61;3;0
R-Vision 2;60;20260128;210000;115.61;115.62;115.57;115.62;66;0
R-Vision 2;60;20260128;220000;115.57;115.62;115.57;115.62;10;0
R-Vision 2;60;20260128;230000;115.61;115.61;115.61;115.61;20;0
R-Vision 2;60;20260129;090000;115.6;115.6;115.6;115.6;2;0
R-Vision 2;60;20260129;100000;115.6;115.6;114.29;114.6;214;0
R-Vision 2;60;20260129;110000;114.57;114.57;114.2;114.57;183;0
R-Vision 2;60;20260129;120000;114.4;114.56;114.2;114.2;253;0
R-Vision 2;60;20260129;130000;114.5;114.59;114.15;114.59;168;0
R-Vision 2;60;20260129;140000;114.59;114.62;114.16;114.62;43;0
R-Vision 2;60;20260129;150000;114.62;114.62;114.02;114.02;237;0
R-Vision 2;60;20260129;160000;114.5;114.79;114.02;114.02;181;0
R-Vision 2;60;20260129;170000;114.07;114.58;114;114.58;115;0
R-Vision 2;60;20260129;180000;114.11;114.37;114.11;114.36;7;0
R-Vision 2;60;20260129;190000;114.36;114.4;114.36;114.4;4;0
R-Vision 2;60;20260129;200000;114.48;114.49;114.48;114.49;14;0
R-Vision 2;60;20260129;210000;114.49;114.5;114.4;114.4;25;0
R-Vision 2;60;20260129;220000;114.5;114.5;114.4;114.4;32;0
R-Vision 2;60;20260130;100000;114.4;114.4;114.18;114.18;7;0
R-Vision 2;60;20260130;110000;114.39;114.4;114.39;114.4;71;0
R-Vision 2;60;20260130;120000;114.68;114.69;114.42;114.69;15;0
R-Vision 2;60;20260130;130000;114.68;114.68;114.11;114.11;190;0
R-Vision 2;60;20260130;140000;114.41;114.67;114.16;114.16;62;0
R-Vision 2;60;20260130;150000;114.16;114.18;114;114;166;0
R-Vision 2;60;20260130;160000;114;114.01;114;114;14;0
R-Vision 2;60;20260130;170000;114.01;114.65;113.82;114.14;141;0
R-Vision 2;60;20260130;180000;114.18;114.55;114.15;114.55;14;0
R-Vision 2;60;20260130;190000;114.55;114.73;113.81;113.81;147;0
R-Vision 2;60;20260130;200000;114.08;114.52;113.81;113.81;31;0
R-Vision 2;60;20260130;210000;114.52;114.73;114.49;114.49;23;0
R-Vision 2;60;20260130;230000;114.49;114.49;114.49;114.49;2;0
R-Vision 2;60;20260202;100000;114.49;114.74;114.4;114.74;84;0
R-Vision 2;60;20260202;110000;114.44;114.68;114.4;114.66;62;0
R-Vision 2;60;20260202;120000;114.46;114.65;114.46;114.64;117;0
R-Vision 2;60;20260202;130000;114.64;114.65;113.52;113.52;297;0
R-Vision 2;60;20260202;140000;113.85;114.18;113.8;114;53;0
R-Vision 2;60;20260202;150000;113.99;114.15;113.54;113.6;276;0
R-Vision 2;60;20260202;160000;113.59;113.6;113.23;113.23;243;0
R-Vision 2;60;20260202;170000;113.22;113.98;113;113.79;267;0
R-Vision 2;60;20260202;180000;113.66;113.66;113.2;113.51;55;0
R-Vision 2;60;20260202;190000;113.21;113.51;111.22;112.99;552;0
R-Vision 2;60;20260202;200000;111.81;113.51;111.26;113.51;892;0
R-Vision 2;60;20260202;210000;112.73;113.51;112.73;113.51;15;0
R-Vision 2;60;20260202;220000;113.5;113.5;113.5;113.5;1;0
R-Vision 2;60;20260202;230000;113.5;113.5;112.74;112.74;2;0
R-Vision 2;60;20260203;100000;112.74;113.71;112.19;113.33;135;0
R-Vision 2;60;20260203;110000;113.29;113.3;112.72;113.27;45;0
R-Vision 2;60;20260203;120000;112.84;113.25;112;113;105;0
R-Vision 2;60;20260203;130000;113;113.04;112.65;112.8;103;0
R-Vision 2;60;20260203;140000;112.73;113.26;112.73;113.21;122;0
R-Vision 2;60;20260203;150000;113.2;113.2;113.19;113.19;342;0
R-Vision 2;60;20260203;160000;112.96;113.14;112.5;112.5;100;0
R-Vision 2;60;20260203;170000;112.47;112.64;112.13;112.5;339;0
R-Vision 2;60;20260203;180000;112.59;112.64;112.4;112.4;46;0
R-Vision 2;60;20260203;190000;112.45;112.45;112.42;112.44;218;0
R-Vision 2;60;20260203;200000;112.42;112.42;112.14;112.14;58;0
R-Vision 2;60;20260203;210000;112.28;112.28;111.04;111.04;873;0
R-Vision 2;60;20260203;220000;111.49;112.25;111.49;112.18;117;0
R-Vision 2;60;20260203;230000;111.73;112.15;111.7;112.14;155;0
R-Vision 2;60;20260204;100000;112.2;112.2;111.57;111.89;156;0
R-Vision 2;60;20260204;110000;111.89;111.9;111.48;111.5;547;0
R-Vision 2;60;20260204;120000;111.5;111.5;111.42;111.42;27;0
R-Vision 2;60;20260204;130000;111.42;111.44;111.11;111.12;177;0
R-Vision 2;60;20260204;140000;111.13;111.17;110.41;110.41;430;0
R-Vision 2;60;20260204;150000;111.21;111.21;110.52;110.64;127;0
R-Vision 2;60;20260204;160000;110.64;111.4;110.58;111.31;128;0
R-Vision 2;60;20260204;170000;110.96;111.32;110.63;111.21;170;0
R-Vision 2;60;20260204;180000;111.14;111.46;110.65;111.45;139;0
R-Vision 2;60;20260204;190000;111.45;111.5;110.94;111.5;545;0
R-Vision 2;60;20260204;200000;111.5;111.5;110.6;111.17;931;0
R-Vision 2;60;20260204;210000;111.15;111.16;110.6;111.15;464;0
R-Vision 2;60;20260204;220000;111.15;111.15;111.15;111.15;25;0
R-Vision 2;60;20260204;230000;111.06;111.06;110.68;110.68;83;0
R-Vision 2;60;20260205;090000;110.71;110.71;110.71;110.71;78;0
R-Vision 2;60;20260205;100000;110.69;112.13;110.6;111.32;1807;0
R-Vision 2;60;20260205;110000;110.61;111.2;110.55;111.04;433;0
R-Vision 2;60;20260205;120000;111.08;111.1;111.04;111.1;220;0
R-Vision 2;60;20260205;130000;111.1;111.1;110.55;111.06;272;0
R-Vision 2;60;20260205;140000;111.06;111.07;110.88;110.88;86;0
R-Vision 2;60;20260205;150000;110.88;111.08;110.7;111;284;0
R-Vision 2;60;20260205;160000;111.1;111.48;111.1;111.48;208;0
R-Vision 2;60;20260205;170000;111.48;111.48;111.24;111.24;21;0
R-Vision 2;60;20260205;180000;111.25;111.26;111.24;111.24;287;0
R-Vision 2;60;20260205;190000;111.19;111.37;111.11;111.31;273;0
R-Vision 2;60;20260205;200000;111.27;111.48;111.19;111.42;67;0
R-Vision 2;60;20260205;210000;111.42;111.64;111.37;111.54;102;0
R-Vision 2;60;20260205;220000;111.53;111.53;111.35;111.48;8;0
R-Vision 2;60;20260205;230000;111.49;111.49;111.49;111.49;2;0
R-Vision 2;60;20260206;100000;111.67;111.68;111.01;111.62;95;0
R-Vision 2;60;20260206;110000;111.78;111.8;111.47;111.77;192;0
R-Vision 2;60;20260206;120000;111.77;111.8;111.38;111.76;71;0
R-Vision 2;60;20260206;130000;111.5;111.78;111.43;111.74;484;0
R-Vision 2;60;20260206;140000;111.74;111.9;111.54;111.9;1042;0
R-Vision 2;60;20260206;150000;111.67;112.12;111.42;112.1;558;0
R-Vision 2;60;20260206;160000;111.88;112.09;111.88;112.09;67;0
R-Vision 2;60;20260206;170000;112.08;112.15;112;112.15;121;0
R-Vision 2;60;20260206;180000;112.15;112.15;111.46;111.46;885;0
R-Vision 2;60;20260206;190000;111.46;111.46;111.45;111.45;4;0
R-Vision 2;60;20260206;200000;111.46;111.63;111.46;111.63;22;0
R-Vision 2;60;20260206;210000;111.66;111.66;111.66;111.66;30;0
R-Vision 2;60;20260206;220000;111.66;111.66;111.66;111.66;23;0
R-Vision 2;60;20260206;230000;111.66;111.66;111.63;111.66;6;0
R-Vision 2;60;20260209;100000;112.4;112.4;111.45;111.59;169;0
R-Vision 2;60;20260209;110000;111.59;112.37;111.1;112.36;416;0
R-Vision 2;60;20260209;120000;112.36;112.4;111.3;112.4;194;0
R-Vision 2;60;20260209;130000;112.38;112.42;112.03;112.41;142;0
R-Vision 2;60;20260209;140000;112.42;112.42;111.95;112.29;41;0
R-Vision 2;60;20260209;150000;112.29;112.4;112.1;112.4;88;0
R-Vision 2;60;20260209;160000;112.4;112.4;112;112.32;275;0
R-Vision 2;60;20260209;170000;112.04;112.07;111.83;112.07;51;0
R-Vision 2;60;20260209;180000;112.07;112.35;112.07;112.32;32;0
R-Vision 2;60;20260209;190000;112.28;112.28;111.51;112;63;0
R-Vision 2;60;20260209;200000;112.26;112.28;111.69;111.94;11;0
R-Vision 2;60;20260209;210000;112.28;112.28;112.27;112.27;26;0
R-Vision 2;60;20260209;220000;112.26;112.27;112.26;112.27;2;0
R-Vision 2;60;20260209;230000;112.22;112.23;112.22;112.23;2;0
R-Vision 2;60;20260210;090000;111.99;111.99;111.99;111.99;2;0
R-Vision 2;60;20260210;100000;112;112.42;111.64;112.22;155;0
R-Vision 2;60;20260210;110000;112.18;112.37;111.99;112;103;0
R-Vision 2;60;20260210;120000;112;112;111.9;111.9;117;0
R-Vision 2;60;20260210;130000;111.9;112;111.6;111.99;51;0
R-Vision 2;60;20260210;140000;111.99;112;111.52;112;52;0
R-Vision 2;60;20260210;150000;112;112;111.53;111.91;129;0
R-Vision 2;60;20260210;160000;111.94;111.94;111.65;111.87;32;0
R-Vision 2;60;20260210;170000;111.91;112;111.91;112;61;0
R-Vision 2;60;20260210;180000;112;112;111.91;111.91;99;0
R-Vision 2;60;20260210;190000;111.91;111.95;111.7;111.76;42;0
R-Vision 2;60;20260210;200000;111.94;112;111.78;111.78;78;0
R-Vision 2;60;20260210;210000;112;112;111.81;111.81;5;0
R-Vision 2;60;20260210;220000;111.8;111.97;111.22;111.97;73;0
R-Vision 2;60;20260210;230000;111.99;111.99;111.99;111.99;1;0
R-Vision 2;60;20260211;090000;112.41;112.41;112.41;112.41;1;0
R-Vision 2;60;20260211;100000;112.34;112.38;111.15;112.18;89;0
R-Vision 2;60;20260211;110000;112.2;112.29;112.01;112.29;81;0
R-Vision 2;60;20260211;120000;112.29;112.29;112.01;112.24;156;0
R-Vision 2;60;20260211;130000;112.03;112.3;112.03;112.15;53;0
R-Vision 2;60;20260211;140000;112.2;112.29;112.15;112.29;9;0
R-Vision 2;60;20260211;150000;112.29;112.29;111.18;111.18;142;0
R-Vision 2;60;20260211;160000;111.7;111.88;111.43;111.78;16;0
R-Vision 2;60;20260211;170000;111.7;112;111.65;111.99;146;0
R-Vision 2;60;20260211;180000;111.98;112;111.34;111.99;98;0
R-Vision 2;60;20260211;190000;111.98;111.98;111.75;111.98;26;0
R-Vision 2;60;20260211;200000;111.98;112.28;111.98;112.28;40;0
R-Vision 2;60;20260211;210000;112;112;111.7;111.7;17;0
R-Vision 2;60;20260211;220000;111.94;111.94;111.7;111.7;3;0
R-Vision 2;60;20260211;230000;112.27;112.29;111.86;111.97;32;0
R-Vision 2;60;20260212;100000;112.4;112.41;112.38;112.38;33;0
R-Vision 2;60;20260212;110000;112.37;112.39;111.56;112.38;83;0
R-Vision 2;60;20260212;120000;112.38;112.38;111.26;112.25;478;0
R-Vision 2;60;20260212;130000;112.22;112.23;111.84;112.22;50;0
R-Vision 2;60;20260212;140000;112.22;112.22;112.22;112.22;27;0
R-Vision 2;60;20260212;150000;112.16;112.16;111.56;111.79;55;0
R-Vision 2;60;20260212;160000;112.05;112.17;111.38;111.82;228;0
R-Vision 2;60;20260212;170000;111.7;112;111.7;111.79;368;0
R-Vision 2;60;20260212;180000;111.79;112.14;111.79;112.14;12;0
R-Vision 2;60;20260212;190000;112.14;112.2;111.99;112.19;156;0
R-Vision 2;60;20260212;200000;112.19;112.4;112.19;112.37;258;0
R-Vision 2;60;20260212;210000;112.37;112.37;112.37;112.37;6;0
R-Vision 2;60;20260212;220000;112.1;112.4;112.1;112.4;44;0
R-Vision 2;60;20260213;090000;112.4;112.4;112.4;112.4;1;0
R-Vision 2;60;20260213;100000;112.4;112.4;112.07;112.07;30;0
R-Vision 2;60;20260213;110000;112.38;112.39;112.36;112.39;76;0
R-Vision 2;60;20260213;120000;112.1;112.39;112.1;112.39;174;0
R-Vision 2;60;20260213;130000;112.38;112.38;111.42;112.32;137;0
R-Vision 2;60;20260213;140000;112.32;112.35;111.97;112.35;125;0
R-Vision 2;60;20260213;150000;112.3;112.37;112.1;112.37;64;0
R-Vision 2;60;20260213;160000;112.37;112.39;112.13;112.38;78;0
R-Vision 2;60;20260213;170000;112.38;112.39;112.1;112.1;89;0
R-Vision 2;60;20260213;180000;112.39;112.39;112.39;112.39;42;0
R-Vision 2;60;20260213;190000;112.39;112.39;112.15;112.38;23;0
R-Vision 2;60;20260213;200000;112.39;112.39;112.38;112.38;6;0
R-Vision 2;60;20260213;210000;112.38;112.39;112.38;112.39;31;0
R-Vision 2;60;20260213;220000;112.39;112.42;112.39;112.42;135;0
R-Vision 2;60;20260213;230000;112.16;112.16;112.16;112.16;16;0
R-Vision 2;60;20260216;090000;108.5;108.5;108.5;108.5;1000;0
R-Vision 2;60;20260216;100000;108.51;112.26;108.51;111.47;525;0
R-Vision 2;60;20260216;110000;111.52;111.52;111.14;111.14;167;0
R-Vision 2;60;20260216;120000;111.45;111.45;111.14;111.15;291;0
R-Vision 2;60;20260216;130000;111.15;111.33;111.15;111.31;135;0
R-Vision 2;60;20260216;140000;111.32;111.33;111.29;111.33;117;0
R-Vision 2;60;20260216;150000;111.32;111.33;111.16;111.33;69;0
R-Vision 2;60;20260216;160000;111.21;111.37;111.21;111.25;159;0
R-Vision 2;60;20260216;170000;111.35;111.48;111.26;111.43;119;0
R-Vision 2;60;20260216;180000;111.42;111.53;111.38;111.51;171;0
R-Vision 2;60;20260216;190000;111.5;111.51;111.5;111.51;28;0
R-Vision 2;60;20260216;200000;111.51;111.78;111.51;111.78;92;0
R-Vision 2;60;20260216;210000;111.78;111.78;111.62;111.62;11;0
R-Vision 2;60;20260216;220000;111.64;111.64;111.26;111.26;102;0
R-Vision 2;60;20260217;100000;111.3;111.71;111.26;111.55;651;0
R-Vision 2;60;20260217;110000;111.57;111.75;111.35;111.67;51;0
R-Vision 2;60;20260217;120000;111.67;111.67;111.5;111.66;273;0
R-Vision 2;60;20260217;130000;111.66;111.67;111.26;111.66;296;0
R-Vision 2;60;20260217;140000;111.66;111.66;111.35;111.64;158;0
R-Vision 2;60;20260217;150000;111.64;111.94;111.42;111.94;353;0
R-Vision 2;60;20260217;160000;111.94;112.5;111.94;112.5;260;0
R-Vision 2;60;20260217;170000;112.39;112.69;112.39;112.69;52;0
R-Vision 2;60;20260217;180000;112.5;112.6;112.5;112.6;17;0
R-Vision 2;60;20260217;190000;112.6;112.6;112.55;112.55;55;0
R-Vision 2;60;20260217;200000;112.12;112.49;112.1;112.1;40;0
R-Vision 2;60;20260217;210000;112.1;112.32;111.38;111.98;107;0
R-Vision 2;60;20260217;220000;112.21;112.21;111.98;111.98;2;0
R-Vision 2;60;20260218;090000;111.98;111.98;111.98;111.98;1;0
R-Vision 2;60;20260218;100000;111.97;111.98;111.97;111.98;132;0
R-Vision 2;60;20260218;110000;111.98;111.98;111.97;111.97;27;0
R-Vision 2;60;20260218;120000;111.97;112.68;111.97;112.6;112;0
R-Vision 2;60;20260218;130000;112.6;113.15;112.15;112.43;223;0
R-Vision 2;60;20260218;140000;113.14;113.48;112.63;112.63;254;0
R-Vision 2;60;20260218;150000;112.43;112.98;112.43;112.91;81;0
R-Vision 2;60;20260218;160000;113.25;113.25;112.3;112.42;95;0
R-Vision 2;60;20260218;170000;112.83;113.12;112.66;113.09;12;0
R-Vision 2;60;20260218;180000;113.07;113.4;112.93;113.4;118;0
R-Vision 2;60;20260218;190000;113.33;113.33;113.33;113.33;11;0
R-Vision 2;60;20260218;200000;113.33;113.33;113.33;113.33;4;0
R-Vision 2;60;20260218;210000;112.82;112.82;112.82;112.82;71;0
R-Vision 2;60;20260218;220000;112.79;112.79;111.26;111.92;402;0
R-Vision 2;60;20260218;230000;111.57;111.92;111.53;111.89;13;0
R-Vision 2;60;20260219;100000;111.99;112.95;111.99;112.48;166;0
R-Vision 2;60;20260219;110000;112.34;112.98;112.34;112.97;151;0
R-Vision 2;60;20260219;120000;112.97;112.97;112.88;112.88;86;0
R-Vision 2;60;20260219;130000;112.95;112.98;112.95;112.96;26;0
R-Vision 2;60;20260219;140000;112.96;113;112.95;113;29;0
R-Vision 2;60;20260219;150000;113;113;112.96;112.96;17;0
R-Vision 2;60;20260219;160000;112.95;112.96;112.95;112.95;15;0
R-Vision 2;60;20260219;170000;112.95;112.95;112.87;112.87;35;0
R-Vision 2;60;20260219;180000;112.53;112.53;112.52;112.53;76;0
R-Vision 2;60;20260219;190000;112.53;112.53;112.31;112.31;43;0
R-Vision 2;60;20260219;200000;112.48;112.53;112.48;112.53;105;0
R-Vision 2;60;20260219;210000;112.53;112.96;112.53;112.96;27;0
R-Vision 2;60;20260219;220000;112.99;112.99;112.99;112.99;25;0
R-Vision 2;60;20260219;230000;112.99;113;112.95;112.95;138;0
R-Vision 2;60;20260220;100000;113.34;113.4;112.5;112.5;293;0
R-Vision 2;60;20260220;110000;111.79;112.55;111.78;112.43;29;0
R-Vision 2;60;20260220;120000;112.63;112.86;112.59;112.86;23;0
R-Vision 2;60;20260220;130000;112.86;113.26;112.86;113.26;59;0
R-Vision 2;60;20260220;140000;112.53;113.27;112.53;113.27;23;0
R-Vision 2;60;20260220;150000;113.27;113.31;113.27;113.31;95;0
R-Vision 2;60;20260220;160000;113.27;113.4;112.56;113.4;113;0
R-Vision 2;60;20260220;170000;113.4;113.4;113.39;113.4;4;0
R-Vision 2;60;20260220;180000;113.4;113.4;112.84;113.38;10;0
R-Vision 2;60;20260220;190000;113.38;113.69;113.38;113.69;73;0
R-Vision 2;60;20260220;200000;113.4;113.4;113.39;113.4;33;0
R-Vision 2;60;20260220;210000;113.4;113.72;112;112.91;229;0
R-Vision 2;60;20260220;220000;112.91;112.91;112.12;112.91;6;0
R-Vision 2;60;20260220;230000;112.91;112.91;112.3;112.91;66;0
R-Vision 2;60;20260224;090000;113.99;113.99;113.99;113.99;51;0
R-Vision 2;60;20260224;100000;112.91;114.8;112.91;114.8;832;0
R-Vision 2;60;20260224;110000;114.81;115.25;113.02;115.2;1059;0
R-Vision 2;60;20260224;120000;115.2;115.49;113.67;115.06;336;0
R-Vision 2;60;20260224;130000;114.82;115.49;114.43;115.49;278;0
R-Vision 2;60;20260224;140000;115.49;115.49;114.13;114.87;101;0
R-Vision 2;60;20260224;150000;114.53;115.49;114.5;114.5;213;0
R-Vision 2;60;20260224;160000;114.41;114.7;114.41;114.7;464;0
R-Vision 2;60;20260224;170000;114.5;114.7;114.5;114.5;595;0
R-Vision 2;60;20260224;180000;114.67;114.67;114.5;114.66;48;0
R-Vision 2;60;20260224;190000;114.66;114.66;114.23;114.6;73;0
R-Vision 2;60;20260224;200000;114.57;114.57;114.23;114.23;91;0
R-Vision 2;60;20260224;210000;114.23;114.23;114.23;114.23;49;0
R-Vision 2;60;20260224;220000;114.23;114.6;114.23;114.57;76;0
R-Vision 2;60;20260224;230000;114.6;114.6;114.21;114.21;5;0
R-Vision 2;60;20260225;100000;115.95;115.95;114.21;115;349;0
R-Vision 2;60;20260225;110000;115.01;115.35;114.72;114.72;403;0
R-Vision 2;60;20260225;120000;115.3;115.3;114.5;114.5;781;0
R-Vision 2;60;20260225;130000;114.51;114.87;114.51;114.68;292;0
R-Vision 2;60;20260225;140000;114.51;114.9;114.5;114.9;208;0
R-Vision 2;60;20260225;150000;114.45;114.88;114.45;114.84;174;0
R-Vision 2;60;20260225;160000;114.84;114.9;114.84;114.9;346;0
R-Vision 2;60;20260225;170000;114.9;114.9;114.9;114.9;115;0
R-Vision 2;60;20260225;180000;114.89;114.9;114.55;114.9;160;0
R-Vision 2;60;20260225;190000;114.55;114.9;114.4;114.9;55;0
R-Vision 2;60;20260225;200000;114.9;114.9;114.52;114.52;266;0
R-Vision 2;60;20260225;210000;114.89;114.9;114.56;114.89;45;0
R-Vision 2;60;20260225;220000;114.89;114.89;114.52;114.89;24;0
R-Vision 2;60;20260225;230000;114.89;114.89;114.41;114.52;46;0
R-Vision 2;60;20260226;090000;114.51;114.51;114.51;114.51;61;0
R-Vision 2;60;20260226;100000;114.5;114.51;113.18;114.11;238;0
R-Vision 2;60;20260226;110000;114.1;114.11;114;114.09;347;0
R-Vision 2;60;20260226;120000;114.1;114.1;113.3;113.49;821;0
R-Vision 2;60;20260226;130000;114.01;114.1;113.18;113.83;613;0
R-Vision 2;60;20260226;140000;113.79;113.79;113.32;113.7;36;0
R-Vision 2;60;20260226;150000;113.7;113.7;113.6;113.7;57;0
R-Vision 2;60;20260226;160000;113.7;114.1;113.7;114.1;79;0
R-Vision 2;60;20260226;170000;114.1;114.1;113.8;114.09;94;0
R-Vision 2;60;20260226;180000;114.09;114.09;114.07;114.09;77;0
R-Vision 2;60;20260226;190000;114.09;114.11;113.79;114.11;53;0
R-Vision 2;60;20260226;200000;114.11;114.11;114.11;114.11;26;0
R-Vision 2;60;20260226;210000;114.11;114.11;113.82;114.1;123;0
R-Vision 2;60;20260226;220000;114.1;114.1;114.1;114.1;7;0
R-Vision 2;60;20260226;230000;114.1;114.11;114.1;114.11;10;0
R-Vision 2;60;20260227;100000;114.47;114.47;113.31;114.39;346;0
R-Vision 2;60;20260227;110000;114.39;115.75;113.62;115.03;758;0
R-Vision 2;60;20260227;120000;114.95;114.95;114.04;114.04;66;0
R-Vision 2;60;20260227;130000;114.04;114.45;112.87;114.34;1042;0
R-Vision 2;60;20260227;140000;114.34;114.47;114.04;114.44;59;0
R-Vision 2;60;20260227;150000;114.45;114.46;114.12;114.42;94;0
R-Vision 2;60;20260227;160000;114.47;114.93;114.45;114.93;564;0
R-Vision 2;60;20260227;170000;114.93;115.64;114.93;115.63;32;0
R-Vision 2;60;20260227;180000;115.63;115.63;114.96;114.97;119;0
R-Vision 2;60;20260227;190000;115.61;115.61;115.1;115.28;25;0
R-Vision 2;60;20260227;200000;115.23;115.34;114.97;114.97;105;0
R-Vision 2;60;20260227;210000;115.17;115.38;114.98;115.38;95;0
R-Vision 2;60;20260227;220000;115.38;115.38;115.2;115.2;11;0
R-Vision 2;60;20260227;230000;115.38;115.39;115.38;115.39;14;0
R-Vision 2;60;20260302;090000;115.11;115.11;115.11;115.11;30;0
R-Vision 2;60;20260302;100000;115.11;115.49;114;115.49;765;0
R-Vision 2;60;20260302;110000;114.97;115.5;114.38;114.84;276;0
R-Vision 2;60;20260302;120000;114.96;115.38;114.71;114.71;302;0
R-Vision 2;60;20260302;130000;114.71;114.96;114.7;114.95;383;0
R-Vision 2;60;20260302;140000;114.95;115.34;114.71;115.34;557;0
R-Vision 2;60;20260302;150000;115.35;115.49;114.99;115.49;267;0
R-Vision 2;60;20260302;160000;115.49;115.49;115.39;115.49;27;0
R-Vision 2;60;20260302;170000;115.49;116;115.39;115.99;267;0
R-Vision 2;60;20260302;180000;115.99;115.99;115.46;115.99;852;0
R-Vision 2;60;20260302;190000;115.74;115.94;115.53;115.94;14;0
R-Vision 2;60;20260302;200000;115.93;115.93;115.5;115.9;34;0
R-Vision 2;60;20260302;210000;115.9;115.94;115.44;115.94;31;0
R-Vision 2;60;20260302;220000;115.94;115.94;115.94;115.94;2;0
R-Vision 2;60;20260302;230000;115.47;115.47;115.39;115.39;252;0
R-Vision 2;60;20260303;100000;115.52;116.53;114.07;115.19;1209;0
R-Vision 2;60;20260303;110000;115.19;115.19;114;114.75;1307;0
R-Vision 2;60;20260303;120000;114.76;115.07;114.74;114.93;118;0
R-Vision 2;60;20260303;130000;114.93;115.08;114.41;115.08;72;0
R-Vision 2;60;20260303;140000;115.08;115.2;115.08;115.2;401;0
R-Vision 2;60;20260303;150000;115.2;115.2;115.02;115.2;228;0
R-Vision 2;60;20260303;160000;115.2;115.2;115.07;115.2;76;0
R-Vision 2;60;20260303;170000;115.36;115.54;114.99;115.39;745;0
R-Vision 2;60;20260303;180000;115.11;115.61;114.99;115.28;48;0
R-Vision 2;60;20260303;190000;115.4;115.43;114.99;115.42;51;0
R-Vision 2;60;20260303;200000;115.42;116.06;115.33;115.33;434;0
R-Vision 2;60;20260303;210000;116.05;116.06;115.5;115.5;47;0
R-Vision 2;60;20260303;220000;115.5;116;115.5;116;6;0
R-Vision 2;60;20260304;090000;115.6;115.6;115.6;115.6;10;0
R-Vision 2;60;20260304;100000;114.99;115.46;114.06;114.99;188;0
R-Vision 2;60;20260304;110000;114.94;115.1;114.94;115.1;184;0
R-Vision 2;60;20260304;120000;115.1;115.1;114.61;115.09;253;0
R-Vision 2;60;20260304;130000;114.99;115.1;114.99;115.1;64;0
R-Vision 2;60;20260304;140000;115.09;115.35;115.09;115.29;113;0
R-Vision 2;60;20260304;150000;115.13;115.31;115.02;115.02;130;0
R-Vision 2;60;20260304;160000;115.28;115.59;115.07;115.12;349;0
R-Vision 2;60;20260304;170000;115.73;115.73;115.38;115.41;19;0
R-Vision 2;60;20260304;180000;115.69;115.69;115.54;115.54;7;0
R-Vision 2;60;20260304;190000;115.54;115.54;115.54;115.54;12;0
R-Vision 2;60;20260304;200000;115.44;115.54;115.4;115.54;10;0
R-Vision 2;60;20260304;210000;115.4;115.85;115.4;115.85;10;0
R-Vision 2;60;20260304;220000;115.41;115.41;115.17;115.17;20;0
R-Vision 2;60;20260305;100000;115.17;116;114.54;116;1050;0
R-Vision 2;60;20260305;110000;115.39;115.96;115.39;115.55;137;0
R-Vision 2;60;20260305;120000;115.55;115.55;115.35;115.35;87;0
R-Vision 2;60;20260305;130000;115.35;115.55;115.35;115.55;118;0
R-Vision 2;60;20260305;140000;115.55;115.84;115.55;115.84;62;0
R-Vision 2;60;20260305;150000;115.93;115.95;115.35;115.95;163;0
R-Vision 2;60;20260305;160000;115.62;115.95;115.62;115.9;48;0
R-Vision 2;60;20260305;170000;115.94;116;115.92;116;103;0
R-Vision 2;60;20260305;180000;115.53;116;115.53;116;60;0
R-Vision 2;60;20260305;190000;116;116;115.43;115.43;361;0
R-Vision 2;60;20260305;200000;115.42;115.79;115.02;115.79;319;0
R-Vision 2;60;20260305;210000;115.43;115.43;115.01;115.01;29;0
R-Vision 2;60;20260305;220000;115.38;115.92;115.01;115.4;29;0
R-Vision 2;60;20260305;230000;115.65;115.65;115.65;115.65;1;0
R-Vision 2;60;20260306;100000;116.26;116.26;115.42;115.44;51;0
R-Vision 2;60;20260306;110000;115.36;115.47;115.03;115.03;150;0
R-Vision 2;60;20260306;120000;115.42;115.49;114.59;115.17;388;0
R-Vision 2;60;20260306;130000;115.15;115.2;115.05;115.2;288;0
R-Vision 2;60;20260306;140000;115.2;115.2;115.2;115.2;26;0
R-Vision 2;60;20260306;150000;115.2;115.49;115.01;115.09;132;0
R-Vision 2;60;20260306;160000;115.44;115.5;115.44;115.5;124;0
R-Vision 2;60;20260306;170000;115.5;115.5;115.25;115.5;169;0
R-Vision 2;60;20260306;180000;115.5;115.5;115.11;115.11;42;0
R-Vision 2;60;20260306;190000;115.03;115.46;115.02;115.46;111;0
R-Vision 2;60;20260306;200000;115.46;115.46;115.44;115.44;15;0
R-Vision 2;60;20260306;210000;115.46;115.48;115.46;115.48;42;0
R-Vision 2;60;20260306;220000;115.48;115.48;115.13;115.47;8;0
R-Vision 2;60;20260306;230000;115.21;115.21;115.21;115.21;2;0
R-Vision 2;60;20260309;100000;115.99;116.74;114.54;116.48;815;0
R-Vision 2;60;20260309;110000;116.49;116.49;115.63;116.41;29;0
R-Vision 2;60;20260309;120000;116.35;116.35;115.74;116.29;67;0
R-Vision 2;60;20260309;130000;116.29;116.29;115.9;115.95;113;0
R-Vision 2;60;20260309;140000;115.95;116.42;114.88;115.92;592;0
R-Vision 2;60;20260309;150000;115.98;115.99;114.86;115.81;319;0
R-Vision 2;60;20260309;160000;115.73;115.73;114.96;115;26;0
R-Vision 2;60;20260309;170000;115.06;116.01;115.06;116.01;268;0
R-Vision 2;60;20260309;180000;116;116.01;115.34;116.01;63;0
R-Vision 2;60;20260309;190000;116.4;116.4;115.06;115.06;25;0
R-Vision 2;60;20260309;200000;115.89;116.09;115.89;116.09;49;0
R-Vision 2;60;20260309;210000;115.67;115.67;115.07;115.07;160;0
R-Vision 2;60;20260309;220000;116.04;116.04;116.04;116.04;2;0
R-Vision 2;60;20260309;230000;115.84;115.84;115.84;115.84;5;0
R-Vision 2;60;20260310;100000;116.26;116.3;115;115.99;120;0
R-Vision 2;60;20260310;110000;115.98;115.98;115.5;115.81;67;0
R-Vision 2;60;20260310;120000;115.73;115.73;115.65;115.69;22;0
R-Vision 2;60;20260310;130000;115.69;116.39;115.69;116.38;160;0
R-Vision 2;60;20260310;140000;116.38;116.94;116.1;116.9;2868;0
R-Vision 2;60;20260310;150000;116.9;116.9;116.6;116.89;144;0
R-Vision 2;60;20260310;160000;116.89;116.89;116.5;116.5;71;0
R-Vision 2;60;20260310;170000;116.6;116.62;116.43;116.43;249;0
R-Vision 2;60;20260310;180000;116.61;116.93;116.4;116.4;259;0
R-Vision 2;60;20260310;190000;116.43;116.91;116.43;116.46;27;0
R-Vision 2;60;20260310;200000;116.45;116.9;116.4;116.62;130;0
R-Vision 2;60;20260310;210000;116.62;116.63;116.62;116.63;17;0
R-Vision 2;60;20260310;220000;116.63;116.63;116.43;116.43;10;0
R-Vision 2;60;20260310;230000;116.43;116.6;116.4;116.6;113;0
R-Vision 2;60;20260311;090000;116.59;116.59;116.59;116.59;12;0
R-Vision 2;60;20260311;100000;115.86;116.32;114.78;116.21;414;0
R-Vision 2;60;20260311;110000;116.19;116.87;116.15;116.87;931;0
R-Vision 2;60;20260311;120000;116.87;116.89;116.56;116.88;189;0
R-Vision 2;60;20260311;130000;116.54;116.89;116.09;116.89;555;0
R-Vision 2;60;20260311;140000;116.89;116.89;116.63;116.63;169;0
R-Vision 2;60;20260311;150000;116.63;117;116.01;117;818;0
R-Vision 2;60;20260311;160000;116.74;117;116.02;116.6;212;0
R-Vision 2;60;20260311;170000;116.4;116.71;116.4;116.71;78;0
R-Vision 2;60;20260311;180000;116.7;116.71;116.03;116.03;37;0
R-Vision 2;60;20260311;190000;116.03;116.71;116.02;116.71;310;0
R-Vision 2;60;20260311;200000;116.71;117;116.61;117;32;0
R-Vision 2;60;20260311;210000;116.99;117.2;116.49;117.2;348;0
R-Vision 2;60;20260311;220000;116.68;117.07;116.1;116.64;5;0
R-Vision 2;60;20260312;100000;116.03;117.97;115.41;116.32;1456;0
R-Vision 2;60;20260312;110000;116.29;116.29;115.86;115.86;124;0
R-Vision 2;60;20260312;120000;115.84;115.86;115.63;115.7;101;0
R-Vision 2;60;20260312;130000;115.7;115.7;115.61;115.68;160;0
R-Vision 2;60;20260312;140000;115.69;115.8;115.57;115.8;275;0
R-Vision 2;60;20260312;150000;115.8;115.8;115.58;115.58;141;0
R-Vision 2;60;20260312;160000;115.63;115.8;115.58;115.63;157;0
R-Vision 2;60;20260312;170000;115.8;116.12;115.72;116.12;337;0
R-Vision 2;60;20260312;180000;116.12;116.18;115.67;116.18;26;0
R-Vision 2;60;20260312;190000;116.18;116.18;116.17;116.18;53;0
R-Vision 2;60;20260312;200000;116.17;116.18;115.59;115.99;271;0
R-Vision 2;60;20260312;210000;115.95;116.15;115.86;115.88;36;0
R-Vision 2;60;20260312;220000;115.88;115.88;115.57;115.57;112;0
R-Vision 2;60;20260312;230000;115.84;115.84;115.83;115.83;2;0
R-Vision 2;60;20260313;100000;116.94;116.94;115.2;115.57;440;0
R-Vision 2;60;20260313;110000;115.29;115.63;115.26;115.59;101;0
R-Vision 2;60;20260313;120000;115.62;115.62;115.48;115.5;131;0
R-Vision 2;60;20260313;130000;115.5;115.59;115.26;115.49;276;0
R-Vision 2;60;20260313;140000;115.46;115.5;115.09;115.5;289;0
R-Vision 2;60;20260313;150000;115.49;115.49;115.21;115.4;575;0
R-Vision 2;60;20260313;160000;115.4;115.4;115.21;115.4;376;0
R-Vision 2;60;20260313;170000;115.22;115.37;115.16;115.22;132;0
R-Vision 2;60;20260313;180000;115.22;115.4;115.21;115.4;1412;0
R-Vision 2;60;20260313;190000;115.4;115.4;115.39;115.39;51;0
R-Vision 2;60;20260313;200000;115.2;115.22;115.08;115.22;439;0
R-Vision 2;60;20260313;210000;115.22;115.22;115.09;115.09;76;0
R-Vision 2;60;20260313;220000;115.2;115.48;115.2;115.23;294;0
R-Vision 2;60;20260313;230000;115.23;115.24;115.23;115.24;7;0
R-Vision 2;60;20260316;090000;116.2;116.2;116.2;116.2;2;0
R-Vision 2;60;20260316;100000;116.2;116.2;115.43;115.8;1348;0
R-Vision 2;60;20260316;110000;115.78;115.78;115.45;115.78;629;0
R-Vision 2;60;20260316;120000;115.78;115.78;115.46;115.7;839;0
R-Vision 2;60;20260316;130000;115.7;115.7;115.61;115.61;636;0
R-Vision 2;60;20260316;140000;115.61;115.75;115.6;115.75;565;0
R-Vision 2;60;20260316;150000;115.7;115.7;115.45;115.5;500;0
R-Vision 2;60;20260316;160000;115.69;115.7;115.45;115.65;148;0
R-Vision 2;60;20260316;170000;115.58;115.58;115.3;115.44;304;0
R-Vision 2;60;20260316;180000;115.44;115.5;115.39;115.5;203;0
R-Vision 2;60;20260316;190000;115.5;115.5;115.33;115.5;165;0
R-Vision 2;60;20260316;200000;115.5;115.5;115.48;115.48;19;0
R-Vision 2;60;20260316;210000;115.48;115.5;115.48;115.5;17;0
R-Vision 2;60;20260316;220000;115.5;115.5;115.35;115.5;67;0
R-Vision 2;60;20260316;230000;115.5;115.5;115.5;115.5;1099;0
R-Vision 2;60;20260317;100000;115.5;115.5;114.92;115.5;567;0
R-Vision 2;60;20260317;110000;115.5;115.5;115.5;115.5;225;0
R-Vision 2;60;20260317;120000;115.5;115.5;115.37;115.37;37;0
R-Vision 2;60;20260317;130000;115.38;115.38;115.3;115.35;158;0
R-Vision 2;60;20260317;140000;115.35;115.35;115.34;115.35;82;0
R-Vision 2;60;20260317;150000;115.35;115.35;115.2;115.2;359;0
R-Vision 2;60;20260317;160000;115.33;115.35;115.21;115.21;472;0
R-Vision 2;60;20260317;170000;115.35;115.35;115.2;115.2;177;0
R-Vision 2;60;20260317;180000;115.34;115.35;115.2;115.35;129;0
R-Vision 2;60;20260317;190000;115.34;115.35;115.34;115.35;8;0
R-Vision 2;60;20260317;200000;115.35;115.35;115.35;115.35;27;0
R-Vision 2;60;20260317;210000;115.21;115.34;115.11;115.34;59;0
R-Vision 2;60;20260317;220000;115.34;115.35;115.34;115.35;36;0
R-Vision 2;60;20260318;090000;115.35;115.35;115.35;115.35;7;0
R-Vision 2;60;20260318;100000;115.35;115.35;115.13;115.13;40;0
R-Vision 2;60;20260318;110000;115.13;115.33;115;115;78;0
R-Vision 2;60;20260318;120000;115.28;115.3;114.93;115.25;112;0
R-Vision 2;60;20260318;130000;115.22;115.3;115.22;115.3;84;0
R-Vision 2;60;20260318;140000;115.3;115.3;115.06;115.06;60;0
R-Vision 2;60;20260318;150000;115.25;115.3;115.25;115.29;20;0
R-Vision 2;60;20260318;160000;115.3;115.3;115.11;115.11;13;0
R-Vision 2;60;20260318;170000;115.1;115.35;115.1;115.35;422;0
R-Vision 2;60;20260318;180000;115.31;115.31;114.46;114.46;1290;0
R-Vision 2;60;20260318;190000;114.45;114.47;113.21;114;1342;0
R-Vision 2;60;20260318;200000;113.14;113.54;111.7;112.29;1436;0
R-Vision 2;60;20260318;210000;112.2;112.98;111.41;112;1159;0
R-Vision 2;60;20260318;220000;112.16;112.79;112.05;112.53;458;0
R-Vision 2;60;20260318;230000;112.78;112.78;112.62;112.62;25;0
R-Vision 2;60;20260319;090000;112.57;112.57;112.57;112.57;6;0
R-Vision 2;60;20260319;100000;112.57;112.62;111;111.5;2065;0
R-Vision 2;60;20260319;110000;111.5;111.6;111;111.54;1685;0
R-Vision 2;60;20260319;120000;111.53;111.54;110.18;110.85;2717;0
R-Vision 2;60;20260319;130000;110.84;111.54;110.5;111.18;2938;0
R-Vision 2;60;20260319;140000;111.19;111.2;110.5;110.51;1200;0
R-Vision 2;60;20260319;150000;110.67;110.99;110.5;110.74;2157;0
R-Vision 2;60;20260319;160000;110.92;111.13;110.72;111.08;1362;0
R-Vision 2;60;20260319;170000;111;111.13;111;111.13;670;0
R-Vision 2;60;20260319;180000;111.13;113.2;111.03;111.03;2370;0
R-Vision 2;60;20260319;190000;112.99;112.99;112;112.59;175;0
R-Vision 2;60;20260319;200000;112.56;112.64;112.15;112.64;36;0
R-Vision 2;60;20260319;210000;112.64;112.65;112.14;112.14;48;0
R-Vision 2;60;20260319;220000;112.6;112.64;112.5;112.62;57;0
R-Vision 2;60;20260319;230000;112.62;112.64;112.6;112.6;41;0
R-Vision 2;60;20260320;090000;112.58;112.58;112.58;112.58;8;0
R-Vision 2;60;20260320;100000;112.16;112.58;112.16;112.53;808;0
R-Vision 2;60;20260320;110000;112.5;112.52;112.16;112.46;295;0
R-Vision 2;60;20260320;120000;112.42;112.46;112.16;112.2;178;0
R-Vision 2;60;20260320;130000;112.2;112.59;112.16;112.59;379;0
R-Vision 2;60;20260320;140000;112.59;113.27;112.49;113.26;271;0
R-Vision 2;60;20260320;150000;113.27;113.5;112.92;113.03;162;0
R-Vision 2;60;20260320;160000;113.35;113.72;113.35;113.72;802;0
R-Vision 2;60;20260320;170000;113.72;113.78;113.5;113.77;210;0
R-Vision 2;60;20260320;180000;113.58;113.75;113.57;113.69;33;0
R-Vision 2;60;20260320;190000;113.6;113.61;113.6;113.61;9;0
R-Vision 2;60;20260320;200000;113.6;113.79;113.52;113.54;116;0
R-Vision 2;60;20260320;210000;113.79;113.87;113.55;113.55;52;0
R-Vision 2;60;20260320;220000;113.55;113.87;113.55;113.55;57;0
R-Vision 2;60;20260320;230000;113.54;113.86;113.54;113.85;147;0
R-Vision 2;60;20260323;070000;113.85;113.87;113.5;113.87;6;0
R-Vision 2;60;20260323;080000;113.87;114.94;113.51;113.51;520;0
R-Vision 2;60;20260323;090000;113.64;113.98;113.64;113.95;64;0
R-Vision 2;60;20260323;100000;113.95;115;113.65;114.8;858;0
R-Vision 2;60;20260323;110000;114.8;114.8;114.21;114.5;483;0
R-Vision 2;60;20260323;120000;114.27;114.27;111.66;113;1073;0
R-Vision 2;60;20260323;130000;112.89;113.37;112.07;113.01;175;0
R-Vision 2;60;20260323;140000;113;113.25;112.38;112.48;245;0
R-Vision 2;60;20260323;150000;112.47;112.48;112.39;112.41;82;0
R-Vision 2;60;20260323;160000;112.41;112.41;112.4;112.41;90;0
R-Vision 2;60;20260323;170000;112.4;112.41;112.39;112.41;93;0
R-Vision 2;60;20260323;180000;112.41;112.41;112.38;112.41;182;0
R-Vision 2;60;20260323;190000;112.41;112.42;112.41;112.42;10;0
R-Vision 2;60;20260323;200000;112.42;112.64;112.38;112.39;239;0
R-Vision 2;60;20260323;210000;112.65;112.65;112.01;112.01;122;0
R-Vision 2;60;20260323;220000;112.01;112.61;112;112.61;139;0
R-Vision 2;60;20260323;230000;112.65;112.65;112.65;112.65;37;0
R-Vision 2;60;20260324;070000;113.81;113.81;113.81;113.81;1;0
R-Vision 2;60;20260324;080000;112.01;112.01;111.81;111.81;81;0
R-Vision 2;60;20260324;090000;112;112;111.82;112;67;0
R-Vision 2;60;20260324;100000;112;112;111.81;111.81;310;0
R-Vision 2;60;20260324;110000;111.8;112;111.68;112;365;0
R-Vision 2;60;20260324;120000;112;112;111.75;112;501;0
R-Vision 2;60;20260324;130000;112;113.38;111.67;112.73;941;0
R-Vision 2;60;20260324;140000;113.15;113.28;112.89;112.89;69;0
R-Vision 2;60;20260324;150000;112.89;113.28;112.67;113.17;132;0
R-Vision 2;60;20260324;160000;113.01;113.01;112.11;112.94;136;0
R-Vision 2;60;20260324;170000;112.83;113.28;112.53;113.14;78;0
R-Vision 2;60;20260324;180000;113.09;113.26;112.84;112.86;43;0
R-Vision 2;60;20260324;190000;113.24;113.25;112.9;112.9;33;0
R-Vision 2;60;20260324;200000;113.19;113.28;112.97;112.97;151;0
R-Vision 2;60;20260324;210000;113.27;113.27;113;113.27;5;0
R-Vision 2;60;20260324;220000;113.27;113.27;113.27;113.27;6;0
R-Vision 2;60;20260324;230000;113.27;113.27;113.27;113.27;38;0
R-Vision 2;60;20260325;070000;113.27;113.27;112.51;112.51;39;0
R-Vision 2;60;20260325;080000;112.52;113.22;112.52;113.22;40;0
R-Vision 2;60;20260325;090000;113.22;113.22;112.48;112.64;124;0
R-Vision 2;60;20260325;100000;112.65;112.76;112.28;112.28;122;0
R-Vision 2;60;20260325;110000;112.73;112.99;112.46;112.55;294;0
R-Vision 2;60;20260325;120000;112.66;112.79;111.8;111.8;195;0
R-Vision 2;60;20260325;130000;112.37;112.69;112.14;112.68;188;0
R-Vision 2;60;20260325;140000;112.68;113.08;112.61;113.07;514;0
R-Vision 2;60;20260325;150000;112.82;113.21;112.8;113.18;261;0
R-Vision 2;60;20260325;160000;113.18;113.21;113.17;113.21;89;0
R-Vision 2;60;20260325;170000;113.21;113.21;113.09;113.2;74;0
R-Vision 2;60;20260325;180000;113.2;113.2;113.04;113.04;201;0
R-Vision 2;60;20260325;190000;113.05;113.2;113.04;113.19;113;0
R-Vision 2;60;20260325;200000;113.19;113.2;113.05;113.05;54;0
R-Vision 2;60;20260325;210000;113.05;113.21;113.04;113.21;100;0
R-Vision 2;60;20260325;220000;113.05;113.21;113.05;113.21;14;0
R-Vision 2;60;20260325;230000;113.2;113.2;113.2;113.2;2;0
R-Vision 2;60;20260326;060000;113.28;113.28;113.28;113.28;3;0
R-Vision 2;60;20260326;070000;112.16;112.99;112;112.95;27;0
R-Vision 2;60;20260326;080000;112.98;112.98;112.97;112.97;10;0
R-Vision 2;60;20260326;090000;112.97;113.5;112.12;113.5;592;0
R-Vision 2;60;20260326;100000;113.5;113.5;113.5;113.5;183;0
R-Vision 2;60;20260326;110000;113.51;113.85;113.4;113.4;178;0
R-Vision 2;60;20260326;120000;113.47;114;112.85;113.24;319;0
R-Vision 2;60;20260326;130000;113.24;113.48;112.9;113.48;104;0
R-Vision 2;60;20260326;140000;113.54;113.6;113.54;113.6;92;0
R-Vision 2;60;20260326;150000;113.96;114.9;113.96;114.17;628;0
R-Vision 2;60;20260326;160000;114.28;114.7;114.28;114.7;80;0
R-Vision 2;60;20260326;170000;114.79;114.79;113.69;114.17;48;0
R-Vision 2;60;20260326;180000;114.16;114.61;113.96;114.58;128;0
R-Vision 2;60;20260326;190000;113.74;114.37;113.74;114.35;48;0
R-Vision 2;60;20260326;200000;114.35;114.63;113.76;114.62;118;0
R-Vision 2;60;20260326;210000;114.6;114.6;113.67;114.59;7;0
R-Vision 2;60;20260326;220000;114.55;114.55;114.5;114.5;2;0
R-Vision 2;60;20260326;230000;114.5;114.5;114.5;114.5;2;0
R-Vision 2;60;20260327;070000;114.7;114.7;114.5;114.5;2;0
R-Vision 2;60;20260327;080000;114.7;114.79;114.13;114.13;57;0
R-Vision 2;60;20260327;090000;114.18;114.5;114.18;114.4;69;0
R-Vision 2;60;20260327;100000;114.4;114.4;113.74;114.08;111;0
R-Vision 2;60;20260327;110000;114.07;114.5;114.07;114.5;287;0
